36.8425310041271 -121.893265238379
36.8428314385134 -121.893882992621
36.8453859299207 -121.898302579083
36.8483693294453 -121.902463664065
nan nan
36.8427066325288 -121.912292606872
36.842959003752 -121.912609748364
36.8451591040778 -121.915849549892
36.8478160489861 -121.919082854686
36.8513906448968 -121.922730486286
36.8539255632949 -121.925112745887
36.8563474959994 -121.927640166309
36.8595777484445 -121.931150209284
nan nan
36.8434778776535 -122.000126083969
36.8475625784108 -122.002555589027
36.8490499756438 -122.003318971481
nan nan
36.845290384437 -121.990464316582
36.8433846426501 -121.989102333064
nan nan
36.8455850784088 -121.989322724901
36.8433751210498 -121.987983293947
nan nan
36.8482585031377 -121.92853526915
36.845127321622 -121.924951623248
36.8427963298412 -121.922139894943
nan nan
36.8488124707228 -121.957325925466
36.845045045392 -121.953299931888
36.8430574861218 -121.951337040768
nan nan
36.8494299762837 -121.980248539112
36.8463294559999 -121.976905859889
nan nan
36.8494210944066 -121.927575927834
36.8458857264229 -121.922950129348
36.8430775598259 -121.919435107539
nan nan
36.8552446806763 -121.919405007356
36.8587011745548 -121.922628632484
36.8715234038602 -121.936793735831
nan nan
36.8573381000337 -121.943839061221
36.8604466172718 -121.946546159488
36.8638235709627 -121.94943996645
36.8697368824494 -121.954954888063
36.8722789767494 -121.958240119162
36.8742863976671 -121.961342865712
36.8754204931825 -121.963087253965
36.8775304391003 -121.966516005296
36.8801385996863 -121.9713712151
nan nan
36.8583226963877 -121.913668914056
36.8613922576948 -121.917043563187
36.8645071548061 -121.92039774558
36.8670403376585 -121.922606000845
36.870149430763 -121.925313061603
36.8731733019182 -121.929601078372
36.8753699386215 -121.932529117979
36.8782933041691 -121.935833168601
36.8816356598294 -121.939774921567
nan nan
36.8591413869713 -121.911571156843
36.8620632850888 -121.91546909256
36.8653277645517 -121.919163537152
36.8677289871583 -121.921830854776
36.8707153482338 -121.924736091957
36.8754547687863 -121.930469712727
36.8792071752948 -121.934019452236
36.8819261322549 -121.93758385458
nan nan
36.8620613173565 -121.927843932999
36.8583714603818 -121.924055761522
36.8546837520786 -121.920550749053
nan nan
36.8628680701693 -121.99132888154
36.8649770057443 -121.994757628478
36.8675842264334 -121.999613539921
nan nan
36.8628325791791 -121.924703624767
36.8591491788985 -121.921626608065
36.8563844263856 -121.919104619285
36.8502506079092 -121.913783149239
36.8494242074541 -121.912246675906
36.8479668242627 -121.910547647735
36.845648427759 -121.906883114168
36.8433735789704 -121.903072014339
36.8426074227813 -121.901503832746
nan nan
36.8636114674823 -121.922402185204
36.8604966180431 -121.919047204519
36.857577666163 -121.915481490052
nan nan
36.8665369900572 -122.001903001013
36.8639302703292 -121.997047572295
36.8617350300482 -121.992525440963
36.8586846834461 -121.98626351728
36.8570038336662 -121.983070500537
36.8533429350782 -121.977974900329
nan nan
36.8672985150853 -121.981164705544
36.8688630837773 -121.985981066361
36.8703558977843 -121.991367611216
36.8722122951626 -121.997147323208
36.8735930385025 -122.001567237499
36.8740736222066 -122.002993914738
nan nan
36.8693401364431 -121.975446498495
36.8710454779747 -121.981469435507
36.872648277136 -121.987622631149
nan nan
36.8763720367843 -121.92904187551
36.8799212816074 -121.932980353485
36.8846151334935 -121.937803905104
nan nan
36.8833769100596 -121.991006644682
36.8810446589586 -121.985440595246
36.8785541719191 -121.979213162955
36.8772308802161 -121.97591069274
nan nan
36.8858643866194 -121.87370450336
36.8827481953126 -121.870351088726
36.8796377855592 -121.867645859857
nan nan
36.8818253957 -122.002893137603
36.8815699526208 -122.00250841783
36.8802577807085 -122.000438474754
36.8787892983044 -121.997896766534
36.8766296294384 -121.994699644945
36.8752211161682 -121.990260451607
36.8743558803472 -121.987046849934
36.8733246810211 -121.982222797488
36.8726753703905 -121.9775839722
36.8714104032291 -121.972194487567
nan nan
36.8938274360053 -121.923412747602
36.895691948304 -121.927466142942
36.8980150651781 -121.931703341634
36.9001789554182 -121.935183743275
36.9027301678955 -121.939418266626
36.9054310785716 -121.943366231698
36.907359336707 -121.946091449899
36.9087452716222 -121.947780358926
36.9104407737151 -121.950034672683
36.9123095085125 -121.954658889588
36.9134751933649 -121.957300248191
36.9146407195704 -121.959941690686
36.9172102825908 -121.966360370785
36.9183756107109 -121.969002083486
36.919470441394 -121.972309255395
36.9207168397133 -121.975519216142
36.9218116890454 -121.978826080278
36.9230528039952 -121.981499062446
36.9248336396804 -121.984860625989
nan nan
36.894475796867 -121.919323870265
36.8968128427362 -121.925078768112
36.899136893398 -121.929410189655
36.9011468736961 -121.932703465018
36.9040762646552 -121.936647688342
36.9063931388501 -121.940221396273
36.9075490024892 -121.941723833215
36.9087040015704 -121.943131315161
36.9107068716989 -121.945665835146
36.9118659281765 -121.947547709435
36.9141222011497 -121.952926304926
36.916072741059 -121.958213851479
36.9182524505625 -121.963594095122
36.9194185636581 -121.966330564116
36.920433464343 -121.969164181584
36.9219124189128 -121.972845654153
36.92323653069 -121.976244748927
36.9243490504608 -121.978697709059
36.926412716203 -121.982466818883
nan nan
36.8951274795244 -121.915614358571
36.8977060775007 -121.922788770086
36.8998787969361 -121.927217793583
36.9014335115203 -121.930706901654
36.9044494611635 -121.935788444151
36.906994828878 -121.939359231031
36.9084561008343 -121.940952205401
36.91014835104 -121.942826594696
36.9125386063792 -121.946114957477
36.9153223031521 -121.950822192035
nan nan
36.895537687421 -121.944261610544
36.8978694451532 -121.94954293861
36.9000404436999 -121.953877761997
36.902131466641 -121.957834400864
36.9049129379492 -121.962351197373
36.9070832765054 -121.966686791407
nan nan
36.8963551603953 -121.933434176598
36.8944212918849 -121.930140273668
36.8923214429094 -121.925331238638
nan nan
36.8979757337211 -121.994558435393
36.9012766810214 -122.000164365637
36.9025069700869 -122.002624076915
nan nan
36.9006364760042 -122.002648422781
36.9004574347569 -122.002357368116
36.8975162760782 -121.996797710034
36.8944834294745 -121.991001441482
36.8930088169933 -121.987739789102
36.889485463086 -121.980581175815
nan nan
36.9034936633087 -121.974325951226
36.9013235033067 -121.969990587554
36.898992846661 -121.964708628458
36.8970515356735 -121.960465184226
36.8948809780338 -121.956130331526
36.8925495120955 -121.950849000738
nan nan
36.904300011397 -121.953250314207
36.9066312767002 -121.958532273038
36.9088017529559 -121.962867851607
nan nan
36.9047476431902 -121.952200364063
36.9070790537311 -121.957482067565
36.9092495724838 -121.961818143315
nan nan
36.9080542335263 -121.964491173297
36.9058839184407 -121.960155839144
36.9042715033681 -121.95760673235
36.9017512993649 -121.953072754214
36.9003324379752 -121.950389837302
36.8987022882795 -121.947195208038
36.8982157542744 -121.946105368368
36.8956484053967 -121.94080350492
nan nan
36.9113115673938 -121.911399389546
36.9136446805707 -121.916680757735
36.9158167756916 -121.921016005793
nan nan
36.914381098696 -121.982721453069
36.9115225642495 -121.978014603939
36.9097433082927 -121.974811613238
36.9079646934998 -121.971704276921
36.9063365254282 -121.96840478821
36.9041663501559 -121.964069184385
36.9014602022772 -121.959456592513
36.8995205724592 -121.955402626236
36.897349835473 -121.951068286204
36.8950182461311 -121.945786944099
nan nan
36.9182714940732 -121.888813314813
36.916452055473 -121.882146932701
36.9148389113978 -121.875477841629
nan nan
36.9197037299875 -121.981701735045
36.9214077632802 -121.985064176133
36.9234216464099 -121.98896043217
nan nan
36.9274993391549 -121.903161064967
36.9262142810776 -121.892752839933
36.9251537359563 -121.884336886728
nan nan
36.928636971072 -121.908322047452
36.9295979183981 -121.913433899355
nan nan
36.9294973943271 -121.96049917721
36.9308296592954 -121.964815998368
36.9322357147397 -121.968815420709
nan nan
36.9318190181767 -121.956006459923
36.9331688404491 -121.959405344606
36.9349302166125 -121.963368291944
nan nan
36.9328390539308 -121.968142743382
36.9310757292162 -121.963926626874
36.9300287538288 -121.960302133414
36.928691675237 -121.955479387402
36.9273418192702 -121.949233453135
36.9266982258009 -121.945350859582
36.9246699681542 -121.939968460711
36.9235041022136 -121.937327240957
36.9221830425856 -121.934403172743
36.9200114333126 -121.930067930036
36.9177265374622 -121.925053014335
36.9157241072094 -121.920769450498
nan nan
36.9336601477649 -121.948862338063
36.9352626836575 -121.955010031036
36.9367304621907 -121.960211092956
nan nan
36.9360699606527 -121.963067963525
36.9337669540419 -121.958131462583
36.9326467772956 -121.954856163792
36.9318609360872 -121.952113945707
36.9310634734071 -121.948043132018
36.9297942855178 -121.942365506895
36.9293136610049 -121.939714333586
36.9284310803933 -121.934695853629
nan nan
36.9366600136271 -122.000423192379
36.9391172365992 -122.001383351342
36.9402829262512 -122.001853668147
nan nan
36.9376309197276 -121.958680082948
36.9358596368492 -121.953609869142
36.9349648236981 -121.949983208672
36.9342542182556 -121.947145131056
36.9336172043039 -121.944021463503
36.9327981612889 -121.937577885164
36.9321531271138 -121.9335998455
36.9310262990201 -121.926876202471
36.9299312801096 -121.920440447429
36.9294305321794 -121.916521257821
36.9286108145833 -121.911641191002
36.9273924399563 -121.902776418741
nan nan
36.9409763551076 -121.90718040641
36.9419373628027 -121.912293063173
36.9428969875528 -121.9173113178
nan nan
36.9438377548347 -121.945683978125
36.9423368705328 -121.9396606292
36.9416801038533 -121.934321812193
36.9413984788977 -121.928439703357
36.9409792206554 -121.924173468917
36.940789797287 -121.920093891519
36.9403691754398 -121.915733210123
36.9386172961616 -121.907404197098
nan nan
36.944187347342 -121.968144567652
36.9433787978661 -121.965658155556
36.9425305604626 -121.961556595597
nan nan
36.9442762644624 -121.957314377085
36.9441643097907 -121.956787592625
36.9432036276091 -121.951483839734
36.94279676967 -121.948546718864
36.9421566130263 -121.945042516575
36.9413873960513 -121.941382490248
36.9407231195144 -121.938037421904
36.9400807547662 -121.934344086731
36.9395854200383 -121.930078953535
36.9391755612806 -121.926856980138
36.9388443852462 -121.923918835144
36.9383554798366 -121.920412892085
36.9367554373535 -121.911987031658
nan nan
36.949084262446 -122.000626785232
36.9511232929962 -122.001990507871
nan nan
36.9493623724674 -121.941715510243
36.951499551375 -121.947951764074
36.9530341266675 -121.952108879322
nan nan
36.8434715060864 -121.973706248027
36.8432504963897 -121.973449089234
nan nan
36.9402829262512 -122.001853668147
36.940392913839 -122.001898045149
36.9409116325786 -122.002123713034
nan nan
36.9468719253262 -121.966631279012
36.9451701283045 -121.961520768508
36.9450559931419 -121.960983618691
nan nan
36.9450559931419 -121.960983618691
36.9442762644624 -121.957314377085
nan nan
36.9469955229406 -121.967002476837
36.9468719253262 -121.966631279012
nan nan
36.944813434868 -121.970070030258
36.9443541539628 -121.968657550099
nan nan
36.9443541539628 -121.968657550099
36.944187347342 -121.968144567652
nan nan
36.8440706897206 -121.974377147346
36.8434715060864 -121.973706248027
nan nan
36.8463294559999 -121.976905859889
36.8463166268654 -121.976892029979
36.8440706897206 -121.974377147346
nan nan
