36.8439096601706 -122.052249427881
36.8445067811386 -122.052578439799
36.8489196386611 -122.055410614043
36.851680016379 -122.057715824374
36.8567384936927 -122.061699636962
36.8581170303658 -122.062694594121
36.8593827508678 -122.063644045322
nan nan
36.8439325015478 -122.05511868923
36.8449901338673 -122.055891185726
36.8476225165026 -122.05833500239
36.850583982033 -122.060384389036
36.8527025291298 -122.061670916054
nan nan
36.8436149310355 -122.015976732795
36.845658771459 -122.016249535976
36.8477936799676 -122.016506746041
36.8513815879265 -122.017503896691
36.854373561768 -122.018787818339
36.8575659251396 -122.019320979521
36.8604690693511 -122.020422074141
36.8644960332535 -122.02253085835
36.8675282160028 -122.025400903114
nan nan
36.8438383895267 -122.043351958093
36.8481141800275 -122.045170635528
nan nan
36.8439807872272 -122.061213049296
36.8455699792876 -122.062026004022
36.8473395164612 -122.063061528975
nan nan
36.8439635881724 -122.059037750368
36.8463703860108 -122.060499497954
36.8473237583306 -122.061064424871
nan nan
36.8490750045138 -122.003331817411
36.8503599837017 -122.003991337916
36.8523309329964 -122.004865973671
36.8540952011291 -122.005743330338
36.8541381465905 -122.005769264398
36.8541883161332 -122.005799407805
36.8542544936481 -122.005838980553
36.854292854764 -122.005861828809
36.8543343398595 -122.005886466143
36.8543786561907 -122.005912703418
36.8544255109953 -122.005940349253
36.8544746124497 -122.00596921674
36.8545256677916 -122.005999114496
36.8545783833764 -122.006029853393
36.8546324673529 -122.006061243156
36.8546876260863 -122.006093095777
36.8547435686364 -122.006125222089
36.8548000004392 -122.006157430728
36.8548566296538 -122.006189532537
36.8549131635472 -122.006221339493
36.8549693102695 -122.006252661314
36.8550247752669 -122.006283307754
36.8550792666991 -122.006313089652
36.855132492726 -122.006341817848
36.8551841596957 -122.006369302079
36.8552339757682 -122.006395353182
36.8552816473107 -122.006419783139
36.8553268824554 -122.00644239942
36.8553693875789 -122.006463015126
36.8554088708323 -122.00648143997
36.8554450385641 -122.006497483689
36.8554950036763 -122.006518937301
36.8555445546835 -122.006540133815
36.8555936816525 -122.006561071115
36.8556423701434 -122.006581747143
36.8556906102231 -122.006602159785
36.8557383892354 -122.006622304715
36.8557856945433 -122.006642179854
36.8558325153122 -122.006661783096
36.855878839806 -122.006681112351
36.8559246544677 -122.006700163305
36.8559699484719 -122.006718934975
36.8560147100734 -122.006737424148
36.8560589266351 -122.006755628744
36.8561025864115 -122.006773545547
36.8561456776574 -122.006791171344
36.8561881886464 -122.006808505163
36.8562301067225 -122.006825542682
36.8562714201497 -122.006842281807
36.8563121171922 -122.006858720446
36.8563521852128 -122.006874856517
36.8563916133674 -122.006890686796
36.8564303890002 -122.006906206958
36.8564685003939 -122.006921417155
36.8565059358034 -122.00693631417
36.8565787298763 -122.006965154707
36.8566486746089 -122.00699270962
36.8567156760671 -122.007018956562
36.8567796367397 -122.007043876596
36.8568404626923 -122.007067447375
36.8568980573057 -122.007089648829
36.8569523257444 -122.007110458623
36.857003171398 -122.007129857809
36.8570504985392 -122.007147825186
36.8570942123416 -122.00716433954
36.8571704170287 -122.007192925494
36.8572310187647 -122.007215449441
36.857275252647 -122.007231744008
36.8573115590766 -122.007244980021
36.8587677256996 -122.008115627265
36.8613621008299 -122.009636291619
nan nan
36.8563199200378 -122.052143025397
36.8584089770509 -122.054661830638
36.8609152596458 -122.056970413838
36.8637828313811 -122.05996982204
36.86825754949 -122.064040905512
36.8711326211178 -122.0664244866
36.8720527829156 -122.067387317548
nan nan
36.8615706923135 -122.015476615432
36.8629255608311 -122.016797423219
36.8655397200706 -122.019799136586
36.8681025057768 -122.022674839039
nan nan
36.8618227978947 -122.018318533678
36.8651704260759 -122.021194588113
36.86720574354 -122.023223376977
36.8693167910322 -122.025235985924
36.87054457622 -122.026358475127
36.8716193950833 -122.027388223717
36.873870609125 -122.029493504181
36.8772805540355 -122.033623974934
36.8793090044221 -122.036412309815
36.8809500415322 -122.038415405763
36.8831026854422 -122.040886844513
36.8861069183243 -122.043474192869
36.8893222318581 -122.045521090627
36.8927912317694 -122.046975688139
36.8961488737947 -122.048818828567
nan nan
36.907807215642 -122.125196077268
36.9116720275215 -122.12751966112
36.916670933221 -122.130689274341
36.9185084756284 -122.131997282683
36.9207624469053 -122.132921024354
36.9224781119056 -122.13318644057
36.9257176198965 -122.133529279497
36.9265938325623 -122.133566881402
36.9307098943587 -122.133994750048
36.9331496251216 -122.134346948793
36.9361990397361 -122.134739549213
36.9380289353858 -122.135003635844
36.9399357140019 -122.135361793094
36.9427588620494 -122.136089466881
36.946153846947 -122.136858271091
nan nan
36.8740783956036 -122.00300808555
36.875438660489 -122.007046587105
nan nan
36.8740509570687 -122.014178058434
36.8779113464071 -122.020484012673
36.8817666428122 -122.026221285398
nan nan
36.8777030687348 -122.045001637443
36.8802318228524 -122.046930778553
36.8836017135974 -122.049244368113
nan nan
36.8934558774898 -122.027822167342
36.8911605250998 -122.023392432593
36.8894794287829 -122.01968210181
36.8859585468923 -122.011473685249
36.88411820168 -122.006649500796
36.8828812936097 -122.004483459607
36.881834981939 -122.002907575409
nan nan
36.899940561122 -122.08497307393
36.9003729521214 -122.085140029639
36.9037366746242 -122.086760500322
nan nan
36.9025146433299 -122.002639418559
36.9034457568393 -122.004501109833
nan nan
36.9025421027538 -122.005746420154
36.9006458508226 -122.002663662828
nan nan
36.9083578175098 -122.127514194054
36.9099519632852 -122.128361718976
36.9159702467306 -122.132089398602
36.9178078742496 -122.133397302353
36.9200518703354 -122.134684963226
36.9220776280035 -122.135706032165
nan nan
36.9063090933854 -122.117136804914
36.9102399048339 -122.119248050666
36.9161431760526 -122.122192145256
nan nan
36.9059020986714 -122.096017850456
36.9080196313093 -122.097385013635
36.9108754761322 -122.099012025047
nan nan
36.9062078128008 -122.113361848684
36.9116903125541 -122.116257782487
36.9172926901106 -122.118534578988
36.9208072015323 -122.120012710889
36.9236086542966 -122.121245862506
36.9276963492308 -122.122923457992
36.9298727355709 -122.123705238145
36.9323928840614 -122.124625694432
36.9344677401317 -122.125381698123
36.9382240859839 -122.126984312306
36.9388304941548 -122.127210246169
36.9417899157896 -122.128553163313
36.9454322656598 -122.130141280056
36.9487040800668 -122.131465155862
nan nan
36.9110956703528 -122.097917993712
36.9084937394244 -122.096303983406
36.9064524872998 -122.094935940934
36.902795010571 -122.093081643323
36.9017288954927 -122.092521676209
nan nan
36.9126275851745 -122.041728640272
36.9144923647595 -122.048719779476
36.9150270672917 -122.050965507559
36.9156258751072 -122.053687347302
36.9172957358308 -122.063357977689
36.918531162548 -122.069328016392
36.9193292512839 -122.072575642437
36.9211297013791 -122.077856136548
nan nan
36.9170011344229 -122.141188545312
36.9149602872442 -122.139819527149
36.9129710501723 -122.138513472519
36.9118050521617 -122.137776708824
nan nan
36.9246717374236 -122.110524327122
36.9279068162972 -122.112021181807
36.9306322547083 -122.113160365299
36.9327332173866 -122.114037686074
36.9346810316921 -122.114774633182
36.9370105606359 -122.115649528198
nan nan
36.930866584022 -122.17381329143
36.9268053320668 -122.170313333943
36.9231848683813 -122.167620735086
nan nan
36.9303465865401 -122.049945889856
36.9329271148047 -122.048806773369
36.9376586946332 -122.046817546445
36.9395054492924 -122.04600344805
36.9420606528751 -122.044895804669
nan nan
36.9318236772173 -122.172727057325
36.9273545274898 -122.168978484136
36.9228872422546 -122.165483618098
nan nan
36.9345322664315 -122.007836045612
36.9362392214775 -122.007724236307
36.9383404078356 -122.007739738653
36.9393748430092 -122.007855072626
36.9405395227269 -122.008097470116
nan nan
36.9356359268277 -122.018074090194
36.9332312860984 -122.014333850341
36.9324620064437 -122.013042639893
nan nan
36.937069664435 -122.123622837973
36.9387097501435 -122.123983884879
36.9407310452017 -122.124387860964
36.9433641267702 -122.125117309461
36.945066555224 -122.125530012382
36.947125004826 -122.126128788803
36.9481261033187 -122.126460135205
nan nan
36.9376870004323 -122.100895194591
36.9343129440218 -122.097992676728
36.9328283254945 -122.096333068366
36.9313314103398 -122.094784551942
36.9301406452064 -122.093839172276
36.9280606013014 -122.092125950046
36.9269681623228 -122.091173450184
36.9256168762475 -122.090159690614
36.9243849517354 -122.089471759832
36.9228089626825 -122.087876091506
36.9210343933457 -122.085580318677
36.9197262939172 -122.083472140315
36.9183138238494 -122.081236573178
36.9166200953974 -122.078397623941
36.9147301819926 -122.075335932079
nan nan
36.9439704925345 -122.167057694773
36.9419574093961 -122.166035248954
36.9385674926778 -122.164110301544
nan nan
36.943744225214 -122.093216493063
36.9442271551102 -122.092954521276
36.9451725731572 -122.09208915959
36.9460205936202 -122.091778196532
36.9473726537191 -122.090955246996
nan nan
36.9439129834114 -122.013701102289
36.9459553326181 -122.015066973367
36.9483579038638 -122.016997908167
nan nan
36.9452862576366 -122.123789261959
36.9477573607035 -122.125272788849
36.9494060634026 -122.126589702563
nan nan
36.9461059153423 -122.008735740479
36.9481482185924 -122.010101516794
36.9505508694183 -122.012032599122
nan nan
36.9469048506519 -122.104569351966
36.9450510741712 -122.10283433433
36.9407689669511 -122.09889754769
nan nan
36.9511453307535 -122.002007730972
36.9535295332157 -122.003923038923
36.9544120619279 -122.004794845226
36.9552516869876 -122.006329207537
36.9553504164457 -122.006568965558
nan nan
36.9513723832616 -122.123174168566
36.9489812900958 -122.122537130697
36.9484826794408 -122.122302643951
nan nan
36.9527122111025 -122.037137080158
36.9496486928527 -122.037078377396
36.9448464142559 -122.037490001162
36.940662792938 -122.038224799039
36.9335521273751 -122.041098365515
36.9282479692509 -122.04426328653
nan nan
36.9548904381117 -122.123418675236
36.9536074836597 -122.122436524415
36.9528798728838 -122.121898978209
36.9519982190057 -122.121125666585
nan nan
36.9553504164457 -122.006568965558
36.9553634018996 -122.00660050016
nan nan
36.9553634018996 -122.00660050016
36.955355714541 -122.006579368276
36.9553504164457 -122.006568965558
nan nan
36.9564410921198 -122.024194771956
36.9572761806054 -122.023867705067
36.9579082259727 -122.023542971909
36.9584888914255 -122.023155757775
36.9591193738051 -122.022641384776
36.959421428862 -122.022321104148
36.959722960955 -122.021937443234
36.9600241296653 -122.021522092154
36.9606547062978 -122.021007692802
36.9616362146967 -122.01998195057
36.9623638589683 -122.018928248543
nan nan
36.9583149547238 -122.125081371861
36.9567940650818 -122.123373338806
36.9563324791153 -122.122737511106
36.956005857167 -122.122337825102
36.955412784936 -122.121964718193
36.9545902841655 -122.121452022091
nan nan
36.9593980349252 -122.1786327975
36.9549072134508 -122.173553665656
36.952657403022 -122.171299074682
36.9507422022429 -122.169705696676
36.9489837987562 -122.168743576711
36.9474553199377 -122.168000813135
36.9445506315229 -122.16651333836
36.9421553237871 -122.165273520991
36.940600054012 -122.164341074138
36.9383549820522 -122.162783534298
nan nan
36.9505321505419 -122.114455377168
36.9490904992406 -122.113326051013
36.9473013924664 -122.11173273881
36.9455753866438 -122.110091487958
36.9429037055506 -122.107606573174
36.9404792436646 -122.105926016047
36.9380662992606 -122.104103104418
36.9363053702952 -122.102889595675
36.9331673136391 -122.100838158365
36.9308770636711 -122.100153127248
36.9300364759607 -122.099783222218
36.9280106609343 -122.098794308188
36.9270423331508 -122.098362955151
36.9258180952204 -122.097617842154
36.9240344187185 -122.096753018216
36.9217397521283 -122.095451419183
36.9200521721656 -122.093889306689
36.9188248092107 -122.092765140631
36.9174453513498 -122.091642437068
36.9161673067259 -122.090518820721
36.9142776914616 -122.089086027126
36.9123885486876 -122.087717146253
36.9101985455506 -122.085366568229
36.9085292549347 -122.083327358209
36.9072077755804 -122.08171300354
36.9057457658947 -122.079757297603
36.9038221879709 -122.07706060487
36.9025052577887 -122.075056196206
36.8991080839628 -122.070143008073
36.8967010259733 -122.066311926
36.8945577744663 -122.063185556485
nan nan
36.9596134076068 -122.011778185993
36.9605338678388 -122.012557853219
36.9609435662623 -122.012963814197
36.9612524941552 -122.013497853343
36.9617139026363 -122.014030181025
36.9621006925948 -122.014753133772
36.9623846487916 -122.015319454175
36.9627979100111 -122.016168602509
nan nan
36.9626602529188 -122.182301422298
36.9660127714408 -122.186159191969
36.9691010084703 -122.189361387204
36.969872098554 -122.190784102897
36.9705987139347 -122.192051094799
36.9722372965164 -122.19410797928
36.97460182392 -122.197346279012
36.9776528212118 -122.200233927162
36.9779592949432 -122.200412912389
nan nan
36.9626579488112 -122.017658241114
36.9620422833407 -122.016874823595
36.9616048053692 -122.016183954677
36.9610389436812 -122.015273649549
36.9603182834524 -122.014111310535
36.9593906348064 -122.012477791368
nan nan
36.9680625244128 -122.146369092356
36.967866319415 -122.147288065334
nan nan
36.9857539385696 -122.168161860422
36.9843511779024 -122.169055633065
36.9831368144223 -122.169686283647
36.9818827114036 -122.170032279475
36.9814295792306 -122.170167875326
nan nan
36.9876144300981 -122.198488945268
36.9898915995449 -122.200288022267
nan nan
36.9961893535913 -122.197575681827
36.9933701601984 -122.19482731211
36.9887491457616 -122.189911700835
nan nan
36.9969175615389 -122.196252767615
36.9938652023188 -122.193192708214
36.9896276296541 -122.188084116561
nan nan
36.9814295792306 -122.170167875326
36.9811415507732 -122.170254063558
nan nan
36.967866319415 -122.147288065334
36.9677678461955 -122.147749273552
nan nan
36.9484826794408 -122.122302643951
36.9477328385643 -122.121950013303
nan nan
36.9584261264142 -122.125206227399
36.9583149547238 -122.125081371861
nan nan
36.9494060634026 -122.126589702563
36.9501427316871 -122.127178143037
nan nan
36.9596390858324 -122.12463110492
36.9580576137447 -122.122575359001
36.956930366337 -122.121195754259
36.9561754852715 -122.120397184355
36.9552282906509 -122.11934769548
36.9549039186427 -122.118929129602
nan nan
36.9601212492559 -122.125257892296
36.9596390858324 -122.12463110492
nan nan
36.9544733128014 -122.118387807076
36.9533085118893 -122.117217523731
36.9525784823371 -122.116371586212
36.9517858787645 -122.115621204773
36.9509419010964 -122.114776366264
36.9505321505419 -122.114455377168
nan nan
36.9549039186427 -122.118929129602
36.9545234396921 -122.118438170504
36.9544733128014 -122.118387807076
nan nan
36.9434811752142 -122.093359186109
36.943744225214 -122.093216493063
nan nan
36.9282479692509 -122.04426328653
36.9252646910493 -122.046043148111
36.9204167978719 -122.049362168049
36.9157612195581 -122.052307845203
nan nan
36.9313921259695 -122.011246962578
36.931236524297 -122.010985809054
nan nan
36.9317653054795 -122.011873292783
36.9313921259695 -122.011246962578
nan nan
36.9321344731042 -122.012492901056
36.9317653054795 -122.011873292783
nan nan
36.9324620064437 -122.013042639893
36.9321344731042 -122.012492901056
nan nan
36.9409497421256 -122.002140292666
36.9416376287084 -122.002439561998
36.9431776162028 -122.003278009714
nan nan
36.9335877576747 -122.007897910358
36.9345322664315 -122.007836045612
nan nan
36.9025095556196 -122.095316116135
36.9038839781283 -122.096057746347
36.9055662625625 -122.096939618763
36.9075938743097 -122.098149128221
36.9106914180248 -122.099868210298
nan nan
36.8993790675396 -122.081856241176
36.9016097152225 -122.08256338534
36.9053648966099 -122.083965691633
nan nan
36.9553634018996 -122.00660050016
36.9556472736567 -122.007289877908
36.9559379027528 -122.008058756549
36.9562793895164 -122.008730399506
36.9562965163977 -122.008764095023
36.9563164857188 -122.008802901379
36.9563427796016 -122.00885340263
36.9563579990746 -122.008882348161
36.9563744394188 -122.008913389516
36.956391981137 -122.008946249688
36.956410504751 -122.008980653921
36.9564298898627 -122.00901632522
36.9564500160838 -122.009052987714
36.9564707648287 -122.009090365508
36.9564920148084 -122.009128182744
36.9565136465274 -122.009166162413
36.9565355414106 -122.009204029742
36.9565575772592 -122.009241507758
36.9565796354895 -122.009278320565
36.9566015957154 -122.009314192287
36.9566233384524 -122.009348847037
36.9566447433057 -122.009382007817
36.9566656908007 -122.009413399863
36.956686060543 -122.009442746174
36.9567057330586 -122.009469771985
36.9567425057248 -122.009515752971
36.9567750493272 -122.009549135754
36.9568024043738 -122.009567711017
36.9568287508415 -122.009578950153
36.9568584442939 -122.009591599392
36.9568907872689 -122.009605362254
36.9569250841449 -122.00961994673
36.9569606374693 -122.00963505746
36.9569967534047 -122.009650400164
36.9570678823988 -122.009680600064
36.9571862392407 -122.009730817518
36.9572355948056 -122.009751745381
36.9578733065128 -122.01012328345
36.9583614783125 -122.010813429461
36.9587102919335 -122.011292299624
36.9593045638548 -122.012103878058
36.9593442497968 -122.012150295987
36.9604502569892 -122.013443958197
36.9606719656899 -122.013885404853
36.9608920887698 -122.014264610187
36.9611097808862 -122.014639633363
36.9615468618184 -122.015330243564
36.962162999677 -122.016145078504
nan nan
