36.6352932214633 -121.894463553234
36.6374166569242 -121.89617662252
36.6411119171234 -121.899323577669
36.6427295611581 -121.900717828919
36.6464839792603 -121.904383913529
36.6504351362058 -121.907064053256
nan nan
36.6327161507588 -121.847301316878
36.6369557711395 -121.851085361407
36.640419114128 -121.853000199222
36.6438138080088 -121.854916470475
36.6481896205328 -121.85861402943
36.652979886261 -121.862391331896
36.6552695996007 -121.864067753788
36.6592108382727 -121.865549172227
36.6629823340885 -121.867204352665
36.6662076925431 -121.869466282072
36.6696445422694 -121.872238488445
36.6732892139358 -121.875136213204
36.6772317302567 -121.876832263008
36.6800700259221 -121.878245283466
36.6840821320128 -121.879855160433
36.6877778140623 -121.883003166317
36.6899170959114 -121.884511663677
36.6912678700265 -121.885755949235
nan nan
36.6400000550568 -121.902032561535
36.6363048643423 -121.898885518993
36.6328686185901 -121.895721554703
nan nan
36.6443343225418 -121.895436645231
36.64621221812 -121.897333669632
36.648716033385 -121.899863178199
36.6522744235285 -121.904686675028
36.6554069067143 -121.908078575193
36.6582281625304 -121.91152924687
36.6599061529875 -121.914199481957
36.6617895940024 -121.916738671703
36.6649188551713 -121.919902002754
36.6690421878881 -121.92270919845
36.6716034923851 -121.924041926829
36.6756171925703 -121.925782809537
36.6809082354592 -121.928018889205
nan nan
36.6555451382199 -121.954367062017
36.6522592753014 -121.956805728448
36.649649511282 -121.957781609155
36.6463486305863 -121.958509961214
36.6428373294198 -121.958813741757
nan nan
36.6559668013916 -121.894158121031
36.6526345804719 -121.891469586998
36.6500460056091 -121.887274533748
36.6484671577853 -121.884219016003
36.6454270531095 -121.879645705232
36.6422955441081 -121.876356576381
36.6395785069575 -121.87318991891
36.6364443922825 -121.869644854835
36.6331995138617 -121.865332293819
nan nan
36.6598070983685 -121.970901580651
36.6553100003282 -121.969230000018
36.6516510319328 -121.967706700429
36.6502429047797 -121.967050614241
nan nan
36.6614530931097 -121.967230511859
36.6572499997272 -121.965409999607
36.6529465551458 -121.964117219916
nan nan
36.6639035220594 -121.910551330336
36.6682753350489 -121.91395361395
36.6722864974617 -121.915820982148
36.6752604472792 -121.917062297914
36.6790668083937 -121.918677735934
36.6833541723932 -121.920627199153
nan nan
36.6792583301983 -121.96345579613
36.6830673793881 -121.965799871773
36.6864232862704 -121.967337677893
36.689740146797 -121.968448288123
36.6920233261091 -121.969632417378
nan nan
36.6794574738964 -121.908707068786
36.6828201335871 -121.91092616304
36.6869286863624 -121.911937927636
36.6903142560086 -121.913002331674
36.6915261565305 -121.913703932429
nan nan
36.6834335227543 -122.005291669845
36.6789651872264 -122.001914610446
36.6746151640599 -121.999896882375
nan nan
36.6841462329594 -122.002462449217
36.6800462382072 -121.999617312749
36.6754019588374 -121.996675543662
nan nan
36.6846612228592 -121.943449973215
36.6801189960955 -121.943855439173
36.6753033167935 -121.944861006095
36.6698730035982 -121.946303814455
36.6654769408825 -121.9476045416
36.6612795120051 -121.948473472551
nan nan
36.6871218445592 -121.996100485461
36.6831502378419 -121.993488491048
36.6787270550344 -121.990380944272
nan nan
36.6873910962399 -121.971687801571
36.6831342209996 -121.969434746127
nan nan
36.6877211518687 -121.938703924029
36.6829597717262 -121.937914232457
36.6787162372288 -121.937202462096
36.6750618319203 -121.93691067065
36.6701349825626 -121.936807307962
36.6654545209332 -121.93755473257
36.6609167757243 -121.938643351237
36.6560048647217 -121.940037105153
36.6499250324615 -121.942300160584
nan nan
36.5636903319452 -121.951958038143
36.5628816587257 -121.95135921282
36.5606568927791 -121.951331634965
36.5594941268236 -121.951465612576
36.5578132739744 -121.951827541507
nan nan
36.5628816587257 -121.95135921282
36.5614823451699 -121.950260153099
36.5611458634835 -121.949969045504
36.5603215179251 -121.949530803835
36.5597419360015 -121.949260735117
nan nan
36.5593047387665 -121.961983120319
36.5594525750013 -121.960835661666
36.5594657514925 -121.960158437632
36.5594437887084 -121.959547437558
36.5595396289012 -121.958723051551
36.5596895804176 -121.95819595621
nan nan
36.5596895804176 -121.95819595621
36.5596966867435 -121.957699160622
36.5597113898652 -121.956762328257
nan nan
36.5628098022934 -121.970651539298
36.5625784868635 -121.970380230029
36.5623473333859 -121.970127843501
36.5615558061411 -121.969504450501
nan nan
36.56683068751 -121.973143418643
36.5663178242983 -121.972970434049
36.5659894221227 -121.972946396863
36.5656462470708 -121.972979325482
36.5653258842207 -121.973002489759
36.5648516672469 -121.972885766958
36.5639995912593 -121.972319898234
36.5636096474599 -121.972239909879
nan nan
36.5618600389088 -121.960896372994
36.5617557402761 -121.961408675185
36.5616831252445 -121.961615427919
36.5616332190617 -121.961800588753
36.5615963041498 -121.962162973587
36.561566177397 -121.96330581469
nan nan
36.5655364544596 -121.97068064495
36.5651358589144 -121.970693056604
36.5648949743434 -121.970639483318
36.5648023542705 -121.970520077316
36.5645207912522 -121.970396083125
36.5643029859066 -121.970363492089
36.5639479957465 -121.970354011454
36.563804352785 -121.970292053177
36.5636322131826 -121.970244665522
36.5634030830492 -121.970226418763
36.563197643353 -121.970300106009
nan nan
36.5669225618782 -121.970775793993
36.5667230294119 -121.970870694041
36.5664995005945 -121.97083817795
36.5660816728652 -121.970843721393
36.566013234017 -121.970873014529
36.5657671159239 -121.970876279695
nan nan
36.6510879040281 -121.968779832975
36.6488744800826 -121.967672724117
36.6458532715118 -121.965830589601
nan nan
36.6529465551458 -121.964117219916
36.6524304211149 -121.963907159349
36.6517743497725 -121.963503908154
36.6507371805029 -121.962722154868
nan nan
36.5900330446309 -122.04398276556
36.5704794258235 -122.032423296343
36.5690496144873 -122.02999363622
36.5674822366986 -122.028002851527
36.5512466091252 -122.017107668629
nan nan
36.5527095484801 -122.006427418644
36.5836754463195 -122.025089606089
nan nan
36.5843134006814 -122.025518738187
36.6107277480548 -122.039704345416
nan nan
36.6111530307038 -122.039961456074
36.6205047215037 -122.045530953908
nan nan
36.5508919308944 -122.016850026383
36.5334450502646 -122.0065404168
36.5334012531777 -122.006514423781
nan nan
36.552424621963 -122.006081487301
36.5339325701277 -121.995396894268
nan nan
36.5905278982525 -122.044151538041
36.6141850864217 -122.057678468106
nan nan
36.6126851957108 -122.055247838848
36.6251590101407 -122.063405602405
nan nan
36.6320424171893 -122.004804991354
36.6266025118394 -122.00251962343
36.6221211494631 -121.99952663653
36.6174000003981 -121.994890000543
36.6096694904336 -121.985965340189
nan nan
36.6096694904336 -121.985965340189
36.6046125999253 -121.98059352332
36.6017446562105 -121.97674720483
36.6000765698385 -121.974438852323
36.5996052579229 -121.973300348045
36.5994958024399 -121.972075290497
36.5987937413125 -121.97093987408
36.5970585610129 -121.968509981222
nan nan
36.6018599870432 -121.974824091925
36.6030820094067 -121.975094119166
36.6037468555092 -121.97573949692
36.6050049977925 -121.976377045592
36.6075198700553 -121.977488670862
nan nan
36.6039027172663 -121.975818476207
36.6050497867686 -121.975068083719
36.6070554886053 -121.974469116677
36.6089973758765 -121.974116295254
36.6136651620995 -121.972582380118
36.6191438788657 -121.97066945035
nan nan
36.6181906286633 -121.982500345628
36.6207047457563 -121.983530569108
36.6220571978126 -121.983635498123
36.6233104163348 -121.983700835933
nan nan
36.6239668469609 -121.983365044954
36.6265048482543 -121.983331710063
36.6281834191951 -121.983023368934
36.6300878249564 -121.98213944815
36.6309005647956 -121.981965157592
36.6325395237945 -121.980880166999
nan nan
36.6181906286633 -121.982500345628
36.6136599425321 -121.980798814291
36.6092923482705 -121.978797214902
36.6075198700553 -121.977488670862
nan nan
36.612959533044 -121.956097940024
36.6179141166832 -121.959723687732
36.622285105124 -121.962079445945
36.6236089526056 -121.96291388502
nan nan
36.6005412561435 -121.976285773312
36.5974973524368 -121.975119129556
36.5940515596593 -121.97381591886
nan nan
36.6009800001227 -122.002169999595
36.6032168546394 -122.001525423664
36.6047616551676 -122.001434513341
36.6075030711269 -122.000689159676
36.6094437612834 -122.000025092108
36.6112085622488 -121.998866231572
nan nan
36.5554878992473 -121.979296737941
36.5542579396632 -121.977597218042
36.5531999775303 -121.97627209219
36.5521416413393 -121.974905163364
36.5512481120643 -121.973075800392
36.5499476637893 -121.971042652965
36.5490881960593 -121.96925477721
nan nan
36.5631500751065 -121.97517823302
36.5614801338568 -121.973358884383
36.5607338720565 -121.972950261902
36.5593386487654 -121.971671411492
36.5586254170848 -121.971178680127
36.5569866411835 -121.969066173962
36.5543238705267 -121.965670153447
36.5516359833352 -121.963278974793
nan nan
36.5665064998402 -121.968981519327
36.5649388241432 -121.967286422176
36.5637845570588 -121.96654846237
36.5617812765197 -121.965235938446
36.5608127018855 -121.964756600648
36.5600208077357 -121.964601214824
36.5589194068261 -121.964113304503
36.5578832220437 -121.963446602877
36.5558497930203 -121.962553129211
nan nan
36.554542599342 -121.959766897621
36.5564802474134 -121.961289277916
36.5580781213679 -121.962565185071
36.5585209673034 -121.963019598521
nan nan
36.5567162226112 -121.9690279192
36.5567568517176 -121.969822483163
36.5570337754328 -121.970613914532
36.5575179286953 -121.971946629127
36.5579690309177 -121.97336349289
36.5585221072548 -121.974862723858
36.5593764649171 -121.976065059379
nan nan
36.5515665514583 -121.982654054877
36.5510157185991 -121.981405938562
36.5509022849028 -121.97998471428
36.5504218052359 -121.979070455758
36.5496949723454 -121.976987824541
36.5493433892434 -121.975360556097
36.5494371067852 -121.974480601631
36.5494208984329 -121.972597851216
36.5491371309754 -121.971011554446
36.5488605721231 -121.970262039842
nan nan
36.5498608051601 -121.977462981276
36.5484394911025 -121.976251194123
36.5460595858865 -121.974316013932
nan nan
36.5889749692347 -121.978855914156
36.5917537984964 -121.980075296858
36.5942970327288 -121.981381597425
nan nan
36.5956135561403 -121.98136429137
36.5970018869922 -121.981848473128
36.5989630120358 -121.982199536186
36.6000744901213 -121.981891837477
36.6019964921992 -121.981615346501
36.6035450180522 -121.981092514136
nan nan
36.6105168880079 -121.99904966441
36.6095829050756 -121.996381655523
36.6091334762349 -121.995131199705
36.6086801446546 -121.993420175488
36.6079254552169 -121.992006223044
36.6068648068867 -121.990345035625
nan nan
36.6096497477193 -122.000317161089
36.6102285361786 -122.000895962703
36.6108132839442 -122.002186603404
36.6110618473649 -122.003649098291
36.6118247878255 -122.006068176677
nan nan
36.5613390841516 -121.973281650403
36.5627127282131 -121.973906450879
36.5637835040892 -121.974413065055
36.5648886571823 -121.975159601562
36.5656720617689 -121.976070649128
nan nan
36.5413964963692 -121.941647789476
36.542980781944 -121.943359420527
36.5447096952928 -121.945999202225
nan nan
36.6271942457359 -121.95170349121
36.6280006204494 -121.952621106987
36.6301067965208 -121.953830686885
36.6332183211365 -121.955893448324
nan nan
36.56870646872 -121.978794426568
36.5698820008302 -121.979769006264
36.5711888345164 -121.981731963563
36.5724413509989 -121.984533467375
36.5736284966064 -121.986878943978
36.5752475022411 -121.989447354576
nan nan
36.5739659832825 -121.990454164552
36.5732172768432 -121.989093002176
36.57264700491 -121.987044087806
36.5710195103689 -121.983485853029
36.569525179985 -121.981144542269
36.5685960061781 -121.980242863194
nan nan
36.6031626623893 -121.874175410022
36.6136124313313 -121.881124784322
36.617345843733 -121.882915079467
36.6201116511653 -121.883986515041
36.6222584241304 -121.88515208568
36.6246824873236 -121.886485022944
36.6248156096139 -121.886555013169
nan nan
36.6248156096139 -121.886555013169
36.6266998532067 -121.887545690312
nan nan
36.6266998532067 -121.887545690312
36.6280058462745 -121.888232372268
36.6296031743445 -121.88957711384
36.6315833188187 -121.891258792158
36.633214909591 -121.892688322568
36.634917529132 -121.89416047688
36.6352932214633 -121.894463553234
nan nan
36.5645296155304 -121.964772019632
36.5642174616105 -121.964861338623
36.5640123129725 -121.96496815175
36.5636399281658 -121.96515288741
36.5633059466975 -121.96536549434
36.5627797806352 -121.965419817642
36.562390243209 -121.965387166811
36.5615324713411 -121.965048542102
36.561358303137 -121.964990661277
nan nan
36.6327161507588 -121.847301316878
36.6249655226889 -121.839759213627
nan nan
36.6188716767217 -121.851145409911
36.6247708664431 -121.857364324053
nan nan
36.611811044863 -121.858791894805
36.6162529136175 -121.863451778169
nan nan
