36.804800416341 -121.970242201858
36.8023437105977 -121.965063381455
36.8000411719172 -121.960135315386
nan nan
36.8055914227379 -121.967767592953
36.8031631443998 -121.962967444266
36.8011365302451 -121.957656634238
nan nan
36.8083456250611 -121.940310960149
36.8107082428637 -121.946185789013
36.8131713382036 -121.951996597789
36.815242698652 -121.956580678216
36.8170771352801 -121.96022096854
36.8199336683596 -121.964605373057
36.8214577123715 -121.967559544317
nan nan
36.8095336090311 -121.936882551278
36.8118485472347 -121.9430740776
36.8138021616492 -121.948639032909
36.8156123163496 -121.952405422269
36.8181161802516 -121.95774324915
36.8209336526024 -121.96282260752
36.8224739481984 -121.965574697848
nan nan
36.8059817917403 -122.06346436425
36.8025258764725 -122.061051956239
nan nan
36.8109857922917 -121.934588072018
36.8133222195703 -121.94036888981
36.8156621264155 -121.946528348034
36.8176325342128 -121.951177322257
36.8192410875399 -121.955073236147
36.821973421051 -121.959775352771
36.8239020034958 -121.963413007303
nan nan
36.8117356711963 -121.956186197289
36.815538670678 -121.963464543694
36.8180870945317 -121.968295240875
36.8195553696432 -121.970670199479
nan nan
36.8129879783025 -122.063379019467
36.8088052808659 -122.060501328354
36.804669435536 -122.057614178892
nan nan
36.8128827436641 -121.930960313855
36.8153414106571 -121.936170586809
36.8177043140931 -121.942077193312
36.8193675395601 -121.946414543426
36.8213333410993 -121.95049512245
36.824530563309 -121.95607544097
36.8261342204638 -121.958669230524
nan nan
36.8142821164051 -122.03210008478
36.8098142585508 -122.029028681472
36.8056776738564 -122.02614320549
nan nan
36.8144037257192 -121.976874580438
36.8114703856594 -121.972332897365
36.8092070687572 -121.968982748769
36.8069377460809 -121.964906663347
36.8045852385647 -121.960105248609
36.8025267569804 -121.954100054724
nan nan
36.8151020589746 -121.975411948014
36.8122934295785 -121.970616061899
36.8100470585921 -121.966317793222
36.8081796659611 -121.961794257435
36.8060793993684 -121.956768291731
36.8039750248681 -121.951300368646
nan nan
36.8184732266204 -122.023042906073
36.8140049421908 -122.019971874052
36.8098683473776 -122.017086736801
nan nan
36.8182055574297 -121.947062141466
36.8205829286948 -121.952449397185
36.8229659302139 -121.957171306083
36.8238615699971 -121.958785647022
nan nan
36.8201624480074 -122.052159308436
36.8238336258539 -122.054599487857
36.8261861328387 -122.055856122986
36.8288156902805 -122.057280682199
36.8316090610415 -122.058899697129
36.8346673506178 -122.060379229549
36.8406398091473 -122.063041893833
nan nan
36.823060810703 -122.019003483641
36.8258957823757 -122.021052576691
36.8291176040028 -122.02385521781
nan nan
36.8235087695407 -122.041981407119
36.8285216608131 -122.044244063669
36.8331407352581 -122.046411702338
36.8368107578253 -122.048214415035
36.8394578114096 -122.049796646412
36.8445067811386 -122.052578439799
36.8469912172737 -122.054172907433
nan nan
36.8236628999866 -122.018142626698
36.8262701934573 -122.020289517258
36.8294153657879 -122.022998449629
nan nan
36.8241654594745 -122.04439667116
36.827539849848 -122.046054609849
36.8321845857169 -122.047725319949
36.8342589150383 -122.048642546368
36.8358501669519 -122.049479913628
36.8388585188105 -122.051036360434
36.8423088831134 -122.053932843457
36.8449901338673 -122.055891185726
36.8470198275631 -122.057775467252
nan nan
36.8257505216136 -122.012712803614
36.829111563956 -122.013901754624
36.8331552802333 -122.014703125424
36.8357453722006 -122.014765076907
36.8377274973108 -122.015023926929
36.8417702146641 -122.015730519389
36.845658771459 -122.016249535976
36.8466844407107 -122.016373105191
nan nan
36.8282383408612 -122.062687342795
36.8289218127588 -122.063184813668
nan nan
36.828182695656 -121.944144814825
36.8266377827644 -121.939570872222
36.824544937371 -121.934779489245
nan nan
36.8153665870336 -122.06335003808
36.8133820902496 -122.061440551779
36.8098118620064 -122.05778812995
36.8042926798222 -122.053307309873
nan nan
36.8300529133893 -122.032463402904
36.8330394810845 -122.034417102673
36.8374067759643 -122.037875955919
36.8397701142275 -122.040002583888
36.8430525457728 -122.043017727795
36.8469151491242 -122.044660614995
nan nan
36.8299888972566 -121.941718727271
36.8276090148725 -121.936759301986
36.825285458629 -121.932430627115
nan nan
36.8326510992258 -122.055853010785
36.8356370912644 -122.057807444738
36.8406808395688 -122.059926193481
36.8428953094578 -122.060657791352
36.8455699792876 -122.062026004022
36.8470603220581 -122.062898142234
nan nan
36.8320474552399 -121.939099204263
36.8292582669388 -121.933797388151
36.8270365755922 -121.929562456205
nan nan
36.8337378229659 -122.052420483304
36.8372098823404 -122.054469778096
36.8416772983832 -122.057543481821
36.8431052529494 -122.058516472443
36.8463703860108 -122.060499497954
36.8470445449965 -122.060898973615
nan nan
36.8341009307766 -121.95885253361
36.8317156349651 -121.953197321682
36.8302491340752 -121.948161142896
nan nan
36.8339638250992 -121.906133359317
36.8309804542039 -121.901972644989
36.8282514341199 -121.897872883533
nan nan
36.8344803174389 -121.9329351549
36.8313094008564 -121.928981882477
36.8285212005918 -121.925244542198
nan nan
36.8360815321724 -121.930321109113
36.8325918953073 -121.926199054744
36.8297154006254 -121.922573226359
nan nan
36.8358479260175 -121.88014197594
36.8385955094786 -121.885510421805
36.8410455505841 -121.890211010411
36.8428314385134 -121.893882992621
36.8453859299207 -121.898302579083
36.8456522215839 -121.898673967139
nan nan
36.8376064049631 -122.036728820141
36.8332390776765 -122.033270025257
36.8302524917955 -122.031316364488
nan nan
36.8370643566009 -121.905156787555
36.8403080512602 -121.909278593055
36.842959003752 -121.912609748364
36.8451591040779 -121.915849549892
36.8458174182399 -121.916650638837
nan nan
36.8409056196166 -122.031005961396
36.8363827999098 -122.027460420301
36.8339217970131 -122.024552787724
36.8308521710668 -122.021747758469
36.8271668893471 -122.018192514084
36.8239319839685 -122.015605274994
36.8222115977113 -122.014559235375
36.8177431020395 -122.011488558344
36.8136063065614 -122.00860349558
nan nan
36.8421563753763 -121.999340139351
36.8465643159114 -122.001961814635
nan nan
36.8416586798922 -121.858440965519
36.8386736736606 -121.854282242381
36.8359428274733 -121.850183316268
nan nan
36.845290384437 -121.990464316582
36.8413821782132 -121.987671308138
36.8381643814859 -121.98543850842
36.8370359068405 -121.984464276784
nan nan
36.8455850784088 -121.989322724901
36.8417573800637 -121.987002852664
36.8383837468352 -121.984392675967
36.8372874772719 -121.983760689194
nan nan
36.8238869308043 -122.063246196701
36.8214091308699 -122.059687953057
36.8188133579231 -122.055775220193
nan nan
36.8459007849025 -121.9258368158
36.845127321622 -121.924951623248
36.8423393667179 -121.921588718303
nan nan
36.8461562344217 -121.95448732904
36.845045045392 -121.953299931888
36.8409729304808 -121.949278499189
nan nan
36.8463515074325 -121.976929632298
36.8463294559999 -121.976905859889
nan nan
36.8458745371502 -121.922936122816
36.8430775598259 -121.919435107539
nan nan
36.8457291703929 -121.907010731957
36.845648427759 -121.906883114168
36.8433735789704 -121.903072014339
36.8408894024266 -121.897987625083
36.8392540549305 -121.894124120457
36.8366841797358 -121.888809247095
36.8339886802517 -121.884909559718
36.8311362896367 -121.881253739625
36.8278259705389 -121.877510469228
36.8245119385856 -121.873387689119
nan nan
36.6865941167431 -121.881994845295
36.6877778140623 -121.883003166317
36.6899170959114 -121.884511663677
36.6933536382068 -121.887677393176
36.6964584954471 -121.891953842755
36.6991082186741 -121.895338233108
36.7012044829839 -121.89847430567
36.7052650554288 -121.901624710408
36.7080717077119 -121.903381789824
36.7108830559579 -121.905652383059
36.7137084838246 -121.909463362094
36.7160089025053 -121.912383408169
36.7193052368142 -121.914967419986
36.7226575808477 -121.916141162767
36.7256636937845 -121.917126023386
36.7306977102376 -121.919452237786
36.7342779517216 -121.921113931993
36.7374454226336 -121.922803112677
36.7409240406845 -121.924616501551
36.7452879423246 -121.927188245716
nan nan
36.6873676560974 -121.967653878839
36.689740146797 -121.968448288123
36.6941543973166 -121.970737725925
36.6993950456462 -121.973453100409
36.704511122897 -121.975609943574
36.7092619208171 -121.979098141589
nan nan
36.6868713942776 -121.911923818273
36.6869286863624 -121.911937927636
36.6903142560086 -121.913002331674
36.6937772228978 -121.915007196957
36.6975665366069 -121.918675350679
36.6993465552586 -121.921217311217
36.702023869447 -121.925624987636
36.7036702251566 -121.930783280323
36.7053547002952 -121.934225525296
36.7083269319899 -121.939276252739
36.7125764973679 -121.94439513537
nan nan
36.6877211518687 -121.938703924029
36.6871122201287 -121.938602925468
nan nan
36.692942677817 -121.933113533609
36.6968982222026 -121.936267392739
36.699706673651 -121.93828222156
36.7025139495626 -121.940168860771
36.7064269523289 -121.942553904435
36.7108288546713 -121.94544595728
nan nan
36.7056996465663 -121.961560509249
36.7098533199161 -121.963815143048
36.7138025039904 -121.96632949365
nan nan
36.7152918292656 -121.998319833696
36.7011789127457 -121.98260629168
36.6971969978119 -121.979599044888
nan nan
36.7109483293171 -121.890376169848
36.7164615568269 -121.894319308785
36.7202025194611 -121.896405254247
36.7228001951135 -121.897908687551
36.7261647919276 -121.900514148297
36.7305134280657 -121.904988647992
36.7331180746735 -121.90726286969
36.7353081575913 -121.909414702873
36.7381158716442 -121.911301117995
36.7404033565666 -121.912809764697
nan nan
36.7220129488942 -121.954144957994
36.7183190917151 -121.950992142521
36.717277223492 -121.950043498201
nan nan
36.7226339959225 -121.924935762567
36.7265571184333 -121.928411801603
36.7303834984051 -121.930477168997
36.7318888062637 -121.931226682632
36.7339687986205 -121.932674477512
36.7366693714824 -121.93417797238
36.7388067379543 -121.936267194686
36.7421949914578 -121.939559256532
36.7455326287323 -121.94298072146
36.7491239245491 -121.946199848422
nan nan
36.7226229742412 -121.923716272874
36.7270994478377 -121.926949333985
36.7301583466398 -121.928425954095
36.7330604490253 -121.929348627171
36.7347184600461 -121.929839216772
36.7375734959822 -121.931276280265
36.739607575164 -121.933366874686
36.7412259728847 -121.935206490529
36.7426858957486 -121.936663117513
36.744402425071 -121.937923633597
36.7458054952301 -121.938803253066
36.7471921661975 -121.939768662813
36.7508505000052 -121.942458263712
nan nan
36.725502024123 -121.968740479922
36.7217562220264 -121.965837764873
36.7183609965144 -121.963308474216
36.7164513241236 -121.961929297716
36.7107385642179 -121.958668689014
36.7059523830046 -121.955010944125
36.7024647241884 -121.952234708218
36.6985667964747 -121.949592145592
nan nan
36.7272423571357 -121.965243860507
36.7235487854513 -121.962090298585
36.7201141674001 -121.958920000361
nan nan
36.7284988893355 -121.935510651152
36.7248037261652 -121.932266466637
36.720856852194 -121.928426808542
nan nan
36.729431745732 -121.933828638643
36.7255931234005 -121.930393903672
36.7218734509404 -121.926551141798
nan nan
36.7299548688958 -121.946147412414
36.7279806484835 -121.944954662715
36.7254891587547 -121.943704863255
36.723877736644 -121.942635654007
36.7210142603287 -121.940235669076
36.7182988679724 -121.937063562484
36.7163084799748 -121.93407421851
36.7130554217406 -121.928706408886
36.7097069967592 -121.924024812796
nan nan
36.7323296756335 -121.90021207541
36.7284923078307 -121.896667541337
36.7249273675115 -121.893256358548
nan nan
36.7375054149348 -121.970537907488
36.7338119792881 -121.967383680622
36.7303774977669 -121.964212732288
nan nan
36.7385732929637 -121.96877304825
36.7348798118265 -121.965618864614
36.7314452844291 -121.962447953272
nan nan
36.7388708914349 -121.914757536066
36.7345355352699 -121.911694255263
36.7298183838932 -121.908080005013
nan nan
36.741285781063 -121.963771457933
36.7376761098453 -121.960359459532
36.7341856425321 -121.957132249285
36.7313769373715 -121.955051664826
36.7282598773169 -121.953168006542
36.7258684154015 -121.951531409267
36.7237892101859 -121.95014743192
36.7210831571256 -121.94800178391
36.7183259660738 -121.945921171682
36.7156021677987 -121.941786296381
36.7135516420717 -121.937834994841
36.7112650215563 -121.932667951647
36.7085040023876 -121.928149107584
nan nan
36.7447994504569 -121.955847651855
36.7411056362532 -121.95269384844
36.7376707721332 -121.949523272091
nan nan
36.7464257692135 -121.952743451881
36.7427318750277 -121.949589734627
36.7392969302555 -121.946419233533
nan nan
36.7561496588031 -121.930519665342
36.7524551922391 -121.927366641829
36.7490196703635 -121.924196756921
nan nan
36.7561372029038 -121.904239205656
36.7516665288532 -121.901348863767
36.7491674830959 -121.899329657994
36.7468750755245 -121.897307623514
36.7426031526643 -121.893580461641
36.7386999756952 -121.890618856786
nan nan
36.7732118173888 -121.867663794012
36.7693839915338 -121.863738058603
36.7657563047687 -121.859962788668
nan nan
36.8434715060864 -121.973706248027
36.8399365298672 -121.969593331944
36.8368121948065 -121.965754167967
36.8341009307766 -121.95885253361
nan nan
36.8335740437685 -121.982373757767
36.834762065004 -121.982963309709
36.8370359068405 -121.984464276784
nan nan
36.8372874772719 -121.983760689194
36.8338398001857 -121.98110032904
36.8337337737311 -121.980995201398
nan nan
36.8337337737311 -121.980995201398
36.8313228920344 -121.978728482004
nan nan
36.8335740437685 -121.982373757767
36.8315763823977 -121.981587661152
nan nan
36.8214577123715 -121.967559544317
36.8244023726396 -121.971963808658
nan nan
36.8195553696432 -121.970670199479
36.8226832724113 -121.974508451037
nan nan
36.8245119385856 -121.873387689119
36.8202103074036 -121.869595588581
36.7986912691074 -121.854646135043
36.7950368476903 -121.85082873939
36.7697828083121 -121.820469192734
nan nan
36.741285781063 -121.963771457933
36.7705619903156 -121.99333295861
nan nan
36.8440706897206 -121.974377147346
36.8434715060864 -121.973706248027
nan nan
36.8463294559999 -121.976905859889
36.8463166268654 -121.976892029979
36.8440706897206 -121.974377147346
nan nan
