nan nan nan
-123.7200 45.3400 0
-123.6600 45.3800 0
-123.5000 45.4400 0
-123.3600 45.4900 0
nan nan nan
-123.1200 45.4200 0
-123.2100 45.6200 0
nan nan nan
-121.6300 45.8500 0
-121.6200 45.9900 0
nan nan nan
-121.1600 45.7100 0
-121.2400 45.8800 0
nan nan nan
-120.9800 45.7100 0
-121.0900 45.8400 0
-121.2900 45.9700 0
nan nan nan
-122.8700 46.6500 0
-122.9600 46.6800 0
-122.9600 46.6800 0
-123.0100 46.6800 0
-123.0700 46.6700 0
-123.1600 46.6500 0
-123.2600 46.6600 0
-123.3600 46.6300 0
nan nan nan
-122.7800 46.6900 0
-122.7500 46.7300 0
-122.8700 46.7500 0
-123.0900 46.8600 0
nan nan nan
-122.6400 46.7200 0
-122.7000 46.7700 0
-122.8200 46.8500 0
nan nan nan
-122.5900 46.7300 0
-122.6300 46.7600 0
-122.7300 46.7800 0
nan nan nan
-120.5700 47.3900 0
-120.5300 47.4400 0
-120.5500 47.4800 0
-120.5900 47.5400 0
-120.6500 47.6200 0
-120.7100 47.6800 0
-120.7800 47.7400 0
-120.7800 47.8100 0
-120.8300 48.1000 0
nan nan nan
-120.3300 47.5200 0
-120.7800 48.1100 0
nan nan nan
-120.0900 48.1400 0
-120.1400 48.1700 0
-120.2000 48.2300 0
-120.2400 48.2800 0
-120.2700 48.3300 0
nan nan nan
-121.3700 48.0500 0
-121.4100 48.4400 0
nan nan nan
-120.0900 48.4500 0
-120.4300 48.9300 0
nan nan nan
-118.0800 45.2600 0
-118.0900 45.2600 0
-118.1200 45.4000 0
-118.1200 45.4000 0
nan nan nan
-118.0600 45.1900 0
-118.0200 45.3100 0
nan nan nan
-118.1500 45.3700 0
-118.0200 45.4800 0
-118.0200 45.5300 0
-118.0500 45.5600 0
-118.0600 45.5900 0
nan nan nan
-118.1800 45.5900 0
-118.0900 45.6400 0
-118.0900 45.6400 0
nan nan nan
-117.9300 45.1000 0
-117.8500 45.1800 0
-117.8800 45.2200 0
-117.9000 45.2500 0
nan nan nan
-117.8500 45.1700 0
-117.8100 45.2600 0
nan nan nan
-117.7800 45.2400 0
-117.7000 45.2900 0
-117.7600 45.3400 0
-117.8100 45.3800 0
-117.8700 45.4300 0
-117.9200 45.4700 0
-117.9700 45.5000 0
nan nan nan
-118.1100 45.5700 0
-118.0300 45.6300 0
-118.1100 45.6800 0
-118.1100 45.6800 0
-118.1300 45.7100 0
nan nan nan
-118.0100 45.5500 0
-117.9500 45.6800 0
nan nan nan
-118.2000 45.7200 0
-118.1200 45.8300 0
nan nan nan
-118.1100 45.7300 0
-118.0400 45.8400 0
nan nan nan
-117.3000 45.3000 0
-117.3000 45.3600 0
-117.4000 45.4300 0
-117.4300 45.4600 0
-117.4800 45.5100 0
-117.5300 45.5500 0
-117.5700 45.5800 0
-117.6000 45.6500 0
nan nan nan
-117.2200 45.3200 0
-117.1700 45.3700 0
-117.2500 45.4000 0
-117.3100 45.4300 0
-117.3500 45.4600 0
-117.4100 45.4600 0
nan nan nan
-116.4200 45.3200 0
-116.3700 45.4300 0
-116.3800 45.4800 0
-116.3800 45.5300 0
nan nan nan
-119.6600 47.4700 0
-119.5000 47.5300 0
-119.4700 47.5500 0
-119.4400 47.5900 0
-119.3900 47.6300 0
-119.3200 47.6600 0
-119.2800 47.6600 0
nan nan nan
-119.3200 47.6700 0
-119.1900 47.7000 0
nan nan nan
-119.0000 48.2300 0
-118.9300 48.2500 0
-118.8500 48.3600 0
-118.8000 48.4600 0
-118.7900 48.4700 0
-118.7200 48.6000 0
-118.6600 48.7400 0
-118.6100 48.8800 0
nan nan nan
-118.8100 48.2400 0
-118.8000 48.2400 0
-118.8200 48.3700 0
nan nan nan
-118.7900 48.2200 0
-118.6400 48.3500 0
-118.5900 48.4500 0
-118.5100 48.5400 0
-118.4500 48.6400 0
-118.4500 48.6400 0
-118.4400 48.7000 0
-118.4600 48.7300 0
-118.4700 48.8100 0
-118.4900 48.8700 0
-118.4400 48.9200 0
-118.4400 48.9200 0
nan nan nan
-118.0100 48.2000 0
-117.9300 48.2300 0
-117.9000 48.3000 0
nan nan nan
-117.9200 48.2100 0
-117.8900 48.3100 0
-117.9200 48.4000 0
-117.9500 48.4700 0
-118.0500 48.5500 0
-118.0800 48.6700 0
nan nan nan
-116.5100 47.3700 0
-116.3400 47.3800 0
-116.2000 47.3300 0
-116.1100 47.3000 0
-115.9500 47.2800 0
-115.8400 47.2800 0
-115.8400 47.2800 0
nan nan nan
-116.0900 47.2600 0
-115.9200 47.2700 0
-115.8300 47.2300 0
-115.6700 47.1800 0
nan nan nan
-115.6900 47.2500 0
-115.4200 47.2400 0
-115.3500 47.2200 0
nan nan nan
-116.1200 47.5500 0
-116.1100 47.6100 0
-116.2400 47.6600 0
-116.3300 47.7000 0
-116.4300 47.7500 0
-116.5200 47.7900 0
-116.5400 47.8000 0
-116.5800 47.8300 0
-116.5800 47.8400 0
nan nan nan
-116.1200 47.6100 0
-116.0600 47.6400 0
-116.1000 47.6900 0
-116.1200 47.7000 0
-116.1900 47.7400 0
-116.2200 47.7600 0
-116.3300 47.7800 0
-116.3700 47.7900 0
nan nan nan
-116.3500 47.7400 0
-116.2800 47.8200 0
-116.2500 47.9100 0
nan nan nan
-116.3900 47.7800 0
-116.3200 47.8100 0
-116.3500 47.8700 0
-116.2600 47.9800 0
nan nan nan
-115.9300 47.4800 0
-115.8300 47.5900 0
nan nan nan
-115.9000 47.6100 0
-115.8400 47.7300 0
nan nan nan
-116.4300 48.7000 0
-116.3500 48.7700 0
-116.3500 48.8200 0
-116.3300 48.8700 0
-116.3400 48.9100 0
-116.3600 48.9400 0
-116.4200 49.0100 0
nan nan nan
-115.2800 47.5700 0
-115.2400 47.6500 0
-115.2800 47.7000 0
-115.3700 47.7800 0
-115.4800 47.8600 0
-115.5700 47.9100 0
-115.6800 47.9800 0
-115.8400 48.0800 0
-116.0300 48.1700 0
nan nan nan
-115.3300 47.7400 0
-115.3400 47.8100 0
-115.4500 47.9200 0
-115.5700 48.0600 0
-115.6000 48.1300 0
-115.5900 48.2300 0
-115.5900 48.3500 0
nan nan nan
-115.6200 48.0300 0
-115.5500 48.0600 0
-115.6600 48.2200 0
nan nan nan
-115.8500 48.2800 0
-115.7800 48.3100 0
-115.7800 48.3100 0
-115.8000 48.3600 0
-115.8100 48.3700 0
-115.8400 48.4500 0
-115.8600 48.4800 0
-115.8700 48.5200 0
-115.8700 48.5300 0
-115.8900 48.5700 0
-115.9700 48.6500 0
-116.0100 48.7300 0
-116.0500 48.8200 0
nan nan nan
-115.5700 48.3700 0
-115.5600 48.5000 0
nan nan nan
-115.6200 48.6100 0
-115.6000 48.8100 0
-115.6400 48.9200 0
-115.7300 48.9900 0
nan nan nan
-115.4200 48.4300 0
-115.4300 48.5400 0
-115.4800 48.6200 0
-115.4900 48.7000 0
-115.5300 48.7700 0
-115.4900 48.7000 0
-115.5300 48.7700 0
nan nan nan
-113.3500 45.4300 0
-113.2900 45.4500 0
-113.2700 45.4600 0
-113.2100 45.4900 0
-113.2000 45.5000 0
-113.1700 45.5300 0
-113.1400 45.5600 0
-113.0800 45.6100 0
-113.0500 45.6500 0
-113.0100 45.6900 0
-113.0000 45.7300 0
-112.9800 45.7700 0
nan nan nan
-112.5800 44.9900 0
-112.7200 45.1200 0
nan nan nan
-112.2900 45.0100 0
-112.4600 45.1500 0
nan nan nan
-111.9300 45.0700 0
-111.8700 45.1400 0
-111.8100 45.0700 0
nan nan nan
-111.7100 45.0600 0
-111.6100 45.1200 0
-111.6200 45.1400 0
nan nan nan
-110.8700 45.0600 0
-110.7600 45.1500 0
-110.8600 45.1100 0
nan nan nan
-111.6500 45.2000 0
-111.6200 45.4300 0
nan nan nan
-111.2300 45.4300 0
-111.5800 45.6500 0
nan nan nan
-110.9000 45.2500 0
-110.7900 45.3000 0
-110.7300 45.3200 0
-110.7200 45.3500 0
-110.6700 45.3900 0
-110.6100 45.4400 0
-110.5600 45.5100 0
-110.5500 45.5700 0
nan nan nan
-110.8100 45.3300 0
-110.3500 45.4000 0
nan nan nan
-110.6800 45.4200 0
-110.5600 45.4100 0
-110.4900 45.4000 0
-110.3500 45.3800 0
-110.2200 45.3800 0
-110.1100 45.4000 0
nan nan nan
-111.0200 45.6500 0
-110.9400 45.7300 0
-110.9500 45.7400 0
-110.9800 45.7700 0
-111.0000 45.8100 0
-111.0200 45.8300 0
-111.0200 45.8500 0
-111.0100 45.8500 0
-110.9900 45.8600 0
-110.9500 45.8500 0
-110.9100 45.8300 0
nan nan nan
-112.3100 45.5200 0
-112.2100 45.6100 0
-112.1500 45.6900 0
-112.1500 45.7300 0
-112.1100 45.7700 0
-112.1300 45.8200 0
nan nan nan
-112.2100 45.6500 0
-112.1300 45.6800 0
-112.0000 45.6000 0
nan nan nan
-112.1400 45.7300 0
-111.9400 45.8100 0
nan nan nan
-112.1900 45.9400 0
-112.1200 46.0700 0
nan nan nan
-112.0600 45.8900 0
-112.0100 46.1500 0
-111.9800 46.1200 0
-111.9500 46.0900 0
-111.9600 46.0300 0
-111.9400 45.9800 0
nan nan nan
-113.0800 46.1300 0
-112.9700 46.1900 0
-112.9500 46.1900 0
-112.9600 46.2300 0
-112.9500 46.2300 0
-112.9700 46.2700 0
-112.9300 46.3200 0
nan nan nan
-113.4900 46.1400 0
-113.4500 46.2600 0
nan nan nan
-114.0800 46.6000 0
-114.0700 46.7200 0
nan nan nan
-114.1600 46.7300 0
-114.0400 46.8700 0
nan nan nan
-114.1800 46.8200 0
-114.2900 46.9900 0
nan nan nan
-113.8000 46.7700 0
-114.6200 47.2600 0
nan nan nan
-113.5900 46.9300 0
-114.2200 47.2800 0
nan nan nan
-113.2300 47.0300 0
-113.3500 47.1100 0
-113.4800 47.1500 0
-113.6200 47.1500 0
-113.7200 47.1800 0
-113.8000 47.2100 0
-113.8900 47.2400 0
-113.9500 47.2800 0
-113.9800 47.3400 0
nan nan nan
-113.2100 46.9900 0
-113.3300 47.1300 0
-113.3900 47.1900 0
-113.4400 47.2400 0
-113.5000 47.3000 0
-113.5500 47.3600 0
-113.5900 47.4200 0
-113.6500 47.4900 0
-113.6800 47.6000 0
-113.7300 47.6800 0
-113.7500 47.7500 0
-113.7600 47.7900 0
-113.7900 47.8700 0
nan nan nan
-112.8400 46.8900 0
-112.9600 46.9800 0
nan nan nan
-112.5800 46.8900 0
-112.7300 46.9600 0
nan nan nan
-113.3500 47.3600 0
-113.5100 47.4300 0
nan nan nan
-113.2800 47.4800 0
-113.4200 47.8200 0
nan nan nan
-113.4100 47.7600 0
-113.3700 47.8500 0
nan nan nan
-113.6600 47.9700 0
-113.7700 48.0100 0
nan nan nan
-114.0600 47.5200 0
-114.0100 47.6400 0
-114.0000 47.7500 0
-114.0100 47.8500 0
-114.0000 47.9100 0
nan nan nan
-113.8900 47.9200 0
-114.0100 48.1600 0
nan nan nan
-113.7500 48.0700 0
-113.9000 48.3200 0
nan nan nan
-113.7500 48.0900 0
-113.7400 48.1800 0
-113.7800 48.2400 0
nan nan nan
-113.7900 48.2300 0
-113.9200 48.4400 0
nan nan nan
-113.6300 48.1400 0
-113.6200 48.2000 0
-113.6400 48.2300 0
nan nan nan
-114.1200 48.2200 0
-114.1900 48.3700 0
-114.3100 48.4700 0
-114.4200 48.5600 0
-114.5000 48.6300 0
-114.5500 48.7000 0
-114.5900 48.7600 0
-114.5900 48.7700 0
-114.6300 48.8500 0
-114.6500 48.8800 0
nan nan nan
-114.7500 48.7400 0
-114.7200 48.8100 0
-114.7600 48.9500 0
nan nan nan
-114.6900 48.0100 0
-114.7000 48.1800 0
-114.7200 48.2700 0
-114.7900 48.3600 0
-114.9000 48.4700 0
nan nan nan
-114.6200 48.1000 0
-114.7200 48.2700 0
nan nan nan
-111.3800 47.0200 0
-111.4900 47.1200 0
nan nan nan
-112.4400 48.0600 0
-112.2500 48.1000 0
-112.1800 48.1500 0
-112.1200 48.1800 0
-111.9800 48.2000 0
-111.8500 48.2400 0
nan nan nan
-120.3500 42.1000 0
-120.3200 42.2300 0
-120.3300 42.2800 0
-120.3000 42.3700 0
nan nan nan
-120.3500 42.2900 0
-120.3300 42.3600 0
nan nan nan
-120.5900 42.1500 0
-120.7000 42.3700 0
nan nan nan
-120.5600 42.3200 0
-120.5400 42.4100 0
-120.6500 42.4700 0
-120.6600 42.4900 0
-120.6600 42.5300 0
nan nan nan
-120.6900 42.5200 0
-120.6300 42.5900 0
-120.6600 42.6300 0
-120.6900 42.7000 0
nan nan nan
-120.3200 42.3500 0
-120.2300 42.4600 0
-120.2100 42.5100 0
-120.1800 42.5400 0
-120.1600 42.5900 0
-120.1500 42.6500 0
-120.1500 42.7100 0
-120.1500 42.7500 0
-120.1400 42.7500 0
-120.1100 42.7800 0
-120.1100 42.7800 0
-120.0700 42.8400 0
nan nan nan
-120.3300 42.3900 0
-120.2900 42.6100 0
-120.3000 42.6300 0
-120.3000 42.6300 0
-120.3600 42.6100 0
-120.3900 42.6000 0
nan nan nan
-120.3900 42.4100 0
-120.3200 42.4900 0
-120.3500 42.5400 0
-120.3800 42.5900 0
-120.4000 42.6200 0
-120.4400 42.6700 0
-120.4700 42.7100 0
-120.4800 42.7400 0
-120.5100 42.8000 0
-120.5500 42.7800 0
-120.5800 42.7800 0
-120.6200 42.7800 0
-120.6500 42.7700 0
-120.6800 42.7800 0
-120.7000 42.8200 0
-120.7200 42.8500 0
-120.7300 42.8700 0
-120.7400 42.8900 0
-120.7700 42.9300 0
-120.7700 42.9600 0
-120.7600 42.9900 0
-120.7400 43.0800 0
nan nan nan
-120.3100 42.6000 0
-120.3300 42.7700 0
-120.3600 42.8100 0
-120.3600 42.8800 0
nan nan nan
-120.5300 42.7800 0
-120.5000 42.8500 0
-120.5200 42.8900 0
-120.5300 42.9200 0
-120.5500 42.9300 0
-120.5400 42.9800 0
-120.5300 43.0000 0
-120.5400 43.0300 0
-120.5100 43.0600 0
nan nan nan
-120.4500 42.8900 0
-120.4100 42.9500 0
-120.4300 42.9900 0
-120.4700 43.0300 0
-120.5100 43.0600 0
-120.5400 43.1000 0
-120.5500 43.1900 0
nan nan nan
-120.9700 42.0800 0
-120.9300 42.1600 0
-120.9400 42.2000 0
-121.0000 42.2400 0
-121.0200 42.2900 0
nan nan nan
-121.0100 42.1100 0
-121.0300 42.2200 0
-121.0600 42.2200 0
nan nan nan
-121.1300 42.1700 0
-121.0800 42.2600 0
-121.1000 42.3200 0
-121.1300 42.3700 0
-121.1700 42.4100 0
-121.2600 42.4700 0
nan nan nan
-121.2000 42.2400 0
-121.1600 42.3500 0
nan nan nan
-121.3400 42.3400 0
-121.2700 42.3700 0
-121.3200 42.4300 0
nan nan nan
-121.3300 42.2400 0
-121.3100 42.3800 0
-121.3600 42.4100 0
-121.4200 42.4500 0
nan nan nan
-121.3400 42.2100 0
-121.3100 42.2400 0
-121.3500 42.2900 0
-121.3900 42.3100 0
-121.4400 42.3300 0
-121.4600 42.3700 0
-121.4800 42.4100 0
-121.4900 42.4500 0
-121.5100 42.5200 0
nan nan nan
-121.4400 42.1800 0
-121.4500 42.3500 0
nan nan nan
-121.5000 42.4000 0
-121.4300 42.5200 0
-121.4200 42.5700 0
-121.4000 42.6100 0
nan nan nan
-121.4400 42.5000 0
-121.3900 42.6800 0
nan nan nan
-121.5000 42.5600 0
-121.5200 42.6300 0
nan nan nan
-121.5900 42.4300 0
-121.5400 42.5700 0
nan nan nan
-121.5300 42.2800 0
-121.4800 42.3500 0
-121.5500 42.4400 0
-121.5600 42.4700 0
-121.6000 42.5200 0
-121.5900 42.6300 0
nan nan nan
-121.5300 42.2600 0
-121.5900 42.3600 0
nan nan nan
-121.5500 42.2400 0
-121.5500 42.3900 0
nan nan nan
-121.7100 42.3700 0
-121.6600 42.4400 0
-121.7200 42.5000 0
nan nan nan
-121.6300 42.2000 0
-121.6700 42.3400 0
nan nan nan
-122.9300 42.0200 0
-122.8400 42.0500 0
-122.9000 42.0800 0
-122.9300 42.0800 0
-122.9800 42.0800 0
-123.0100 42.0800 0
-123.0800 42.0700 0
-123.1100 42.0600 0
-123.1300 42.0800 0
nan nan nan
-122.5500 42.2300 0
-122.4700 42.1100 0
-122.4700 42.1000 0
-122.4900 42.0900 0
-122.5300 42.0800 0
-122.5500 42.0800 0
-122.5800 42.0600 0
-122.6200 42.0600 0
-122.6900 42.0500 0
-122.7400 42.0500 0
-122.7700 42.0700 0
-122.7900 42.0900 0
nan nan nan
-123.5700 42.0900 0
-123.5600 42.1500 0
-123.5200 42.1900 0
-123.5200 42.1900 0
-123.4600 42.2200 0
-123.4500 42.2500 0
-123.4400 42.3100 0
-123.4000 42.3700 0
nan nan nan
-123.7200 42.0400 0
-123.6300 42.1300 0
-123.6000 42.1800 0
-123.5900 42.2200 0
-123.6000 42.2200 0
-123.5500 42.2900 0
-123.5300 42.3200 0
-123.5100 42.3500 0
-123.4900 42.3800 0
-123.4800 42.4200 0
-123.4600 42.4800 0
nan nan nan
-123.6600 42.1500 0
-123.6000 42.2000 0
-123.6000 42.2000 0
-123.6000 42.2300 0
-123.5900 42.2700 0
-123.5800 42.3100 0
-123.5800 42.3400 0
-123.5600 42.3700 0
-123.5500 42.4000 0
-123.5600 42.4500 0
-123.5200 42.5400 0
-123.5100 42.5800 0
nan nan nan
-123.6100 42.3900 0
-123.5100 42.4300 0
-123.4900 42.5100 0
-123.4700 42.6000 0
nan nan nan
-123.8200 42.1900 0
-123.6700 42.3700 0
-123.6400 42.4700 0
-123.6300 42.5500 0
-123.6300 42.6100 0
-123.6000 42.6600 0
-123.5800 42.7100 0
nan nan nan
-123.7500 42.5100 0
-123.6700 42.5800 0
-123.6300 42.6600 0
nan nan nan
-124.1800 42.1900 0
-124.0900 42.4200 0
-124.0600 42.4800 0
-124.0500 42.5800 0
nan nan nan
-124.3600 42.2400 0
-124.1100 42.4500 0
nan nan nan
-124.0800 42.2000 0
-123.9700 42.2800 0
-123.9400 42.3300 0
-123.9000 42.3800 0
-123.9100 42.4100 0
-123.9300 42.4600 0
-123.9300 42.4900 0
-123.9400 42.5300 0
-123.9200 42.5800 0
-123.8900 42.6300 0
-123.8300 42.6800 0
-123.8100 42.7200 0
-123.7800 42.7600 0
-123.7600 42.8000 0
-123.7300 42.8500 0
-123.7200 42.8900 0
nan nan nan
-124.0100 42.4100 0
-123.9700 42.4500 0
-124.0000 42.4900 0
-123.9500 42.6100 0
-123.9200 42.6700 0
-123.8700 42.7300 0
-123.8000 42.8100 0
-123.7500 42.8800 0
-123.6800 42.9400 0
-123.6300 43.0000 0
-123.5700 43.0500 0
-123.5000 43.1000 0
-123.4200 43.1600 0
-123.3600 43.1800 0
nan nan nan
-123.7200 43.1000 0
-123.5000 43.1800 0
-123.5000 43.1800 0
-123.4100 43.2000 0
nan nan nan
-123.5900 42.8900 0
-123.4500 42.9000 0
-123.3700 42.9600 0
-123.3100 43.0300 0
-123.1900 43.1100 0
-123.1300 43.1700 0
-123.0400 43.2600 0
-123.0200 43.3000 0
nan nan nan
-122.7300 43.3100 0
-122.7500 43.3000 0
-122.8000 43.2900 0
-122.8600 43.3000 0
-122.9200 43.3200 0
-122.9900 43.3700 0
nan nan nan
-122.9200 43.7400 0
-122.8900 43.8100 0
-122.9200 43.8400 0
-123.0000 43.9000 0
nan nan nan
-122.7000 43.8300 0
-122.7300 43.9400 0
nan nan nan
-122.9600 44.0100 0
-122.9400 44.1300 0
-122.9700 44.2100 0
-122.9900 44.3100 0
nan nan nan
-123.4700 44.0700 0
-123.3900 44.2600 0
nan nan nan
-120.3900 44.6100 0
-120.3000 44.5800 0
-120.2500 44.5900 0
-120.2100 44.6200 0
-120.1500 44.6700 0
-120.0500 44.7500 0
nan nan nan
-120.2900 44.5600 0
-120.1400 44.6000 0
-120.1100 44.5900 0
-120.0900 44.5700 0
nan nan nan
-119.4700 39.7800 0
-119.4900 39.8500 0
-119.5400 39.8700 0
-119.5800 39.9200 0
-119.6600 39.9700 0
-119.6900 40.0200 0
-119.7200 40.0600 0
-119.7400 40.1000 0
nan nan nan
-119.5000 39.8900 0
-119.4200 39.9400 0
-119.4500 39.9500 0
-119.4600 39.9700 0
-119.4800 40.0000 0
-119.4800 40.0200 0
-119.5000 40.0700 0
-119.5000 40.0900 0
-119.4900 40.1100 0
-119.4700 40.1500 0
-119.4800 40.1800 0
-119.4900 40.1900 0
-119.5000 40.2000 0
-119.5100 40.2300 0
-119.5100 40.2400 0
-119.5300 40.2600 0
-119.5500 40.2700 0
nan nan nan
-119.4000 39.7800 0
-119.2700 39.8200 0
-119.2700 39.8300 0
-119.2300 39.8700 0
-119.2300 39.8900 0
-119.2100 39.9100 0
-119.2100 39.9400 0
-119.1800 39.9700 0
-119.2100 39.9900 0
-119.2100 39.9900 0
-119.1900 40.0300 0
nan nan nan
-119.3100 39.8900 0
-119.2400 39.9400 0
-119.2600 39.9600 0
-119.2400 39.9900 0
-119.2400 40.0200 0
-119.2400 40.0500 0
-119.2300 40.0800 0
-119.2300 40.1300 0
-119.2400 40.1600 0
-119.2400 40.2200 0
-119.2400 40.2400 0
-119.2500 40.2600 0
-119.2300 40.2600 0
-119.2500 40.2800 0
-119.2500 40.3100 0
-119.2500 40.3500 0
-119.2800 40.3900 0
-119.3000 40.4700 0
-119.3000 40.5200 0
-119.2600 40.5800 0
-119.2200 40.6800 0
nan nan nan
-119.1500 39.7700 0
-119.0500 39.8400 0
-119.0600 39.9300 0
-119.0400 39.9700 0
-119.0400 40.0300 0
-119.0400 40.1000 0
-119.0200 40.1300 0
nan nan nan
-119.5600 40.2200 0
-119.4800 40.2900 0
-119.4900 40.3500 0
-119.5100 40.4100 0
-119.5000 40.4900 0
-119.4900 40.5200 0
-119.4900 40.5200 0
-119.4600 40.5600 0
nan nan nan
-119.6700 40.1700 0
-119.6800 40.2500 0
-119.7400 40.2700 0
-119.8000 40.3200 0
-119.8200 40.4200 0
-119.8700 40.5000 0
-119.8900 40.5600 0
-119.8600 40.6200 0
-119.7800 40.6800 0
-119.6700 40.7000 0
-119.5700 40.7100 0
-119.4800 40.7100 0
-119.4800 40.7100 0
-119.4500 40.7100 0
-119.3900 40.6800 0
nan nan nan
-119.9200 40.9600 0
-119.9700 41.0800 0
nan nan nan
-118.1300 39.9700 0
-118.0300 40.0100 0
-118.0000 40.0300 0
-117.9900 40.0300 0
-117.9600 40.0700 0
nan nan nan
-117.8800 39.9300 0
-117.7900 40.0900 0
-117.7700 40.1200 0
-117.7700 40.2200 0
nan nan nan
-117.9100 40.0600 0
-117.8300 40.2300 0
nan nan nan
-116.7300 39.6400 0
-116.6400 39.6700 0
-116.6200 39.7600 0
-116.6000 39.8300 0
-116.5900 39.9200 0
-116.5600 40.0000 0
-116.5600 40.0600 0
-116.5600 40.1300 0
-116.5900 40.1700 0
-116.6000 40.2400 0
-116.5900 40.2700 0
-116.5500 40.2900 0
-116.4900 40.3400 0
-116.4300 40.3900 0
-116.3100 40.4800 0
-116.2800 40.5200 0
nan nan nan
-116.7900 40.1100 0
-116.7100 40.1800 0
-116.6900 40.2000 0
-116.6600 40.2100 0
-116.6400 40.2400 0
-116.6100 40.2400 0
nan nan nan
-116.0600 40.3800 0
-116.0700 40.4200 0
-116.0800 40.3800 0
-116.0700 40.3600 0
-116.0900 40.3300 0
-116.1000 40.3100 0
-116.1000 40.2900 0
-116.1100 40.2700 0
-116.1500 40.2400 0
-116.1800 40.1800 0
nan nan nan
-116.2200 40.2000 0
-116.1300 40.2100 0
-116.1400 40.1800 0
-116.1500 40.1400 0
-116.1600 40.0800 0
nan nan nan
-116.0900 40.2400 0
-116.0700 40.2800 0
-116.0600 40.2600 0
-116.0600 40.2200 0
-116.0700 40.1800 0
-116.0700 40.1500 0
-116.1000 40.1000 0
-116.1100 40.0500 0
-116.1200 40.0100 0
-116.1200 39.9700 0
-116.1000 39.9100 0
-116.0800 39.8500 0
-116.0900 39.8000 0
nan nan nan
-116.1500 40.3600 0
-116.0600 40.3600 0
-116.0200 40.3100 0
-116.0100 40.2600 0
-116.0000 40.2100 0
-116.0200 40.1700 0
-116.0500 40.1100 0
-116.0600 40.0700 0
-116.0700 40.0200 0
-116.0700 39.9800 0
-116.0600 39.9400 0
-116.0600 39.8600 0
nan nan nan
-115.0900 41.1600 0
-115.1300 41.1800 0
-115.1600 41.1600 0
-115.2600 41.0100 0
-115.2700 40.9700 0
-115.3000 40.9200 0
-115.3500 40.8700 0
-115.4300 40.8100 0
-115.5000 40.7500 0
-115.6000 40.6800 0
nan nan nan
-115.2000 41.1500 0
-115.1200 41.1700 0
-115.1000 41.1400 0
-115.0800 41.1100 0
-115.0600 41.0700 0
-115.0600 41.0300 0
-115.0700 40.9900 0
-115.0600 40.9300 0
-115.0400 40.8900 0
-115.0200 40.8000 0
nan nan nan
-115.6600 40.6800 0
-115.6000 40.6800 0
-115.6000 40.6700 0
-115.6000 40.6200 0
-115.6100 40.5600 0
-115.6100 40.4900 0
-115.6100 40.4300 0
-115.6300 40.3700 0
-115.6500 40.3200 0
-115.7000 40.2700 0
-115.7200 40.1900 0
-115.7200 40.1900 0
nan nan nan
-115.1700 40.7700 0
-115.2200 40.7700 0
-115.2600 40.7200 0
-115.3000 40.6500 0
-115.3400 40.5800 0
-115.4000 40.5100 0
-115.4100 40.5000 0
-115.5000 40.3900 0
-115.5200 40.3100 0
-115.5300 40.2400 0
-115.5800 40.0800 0
nan nan nan
-117.4300 40.2300 0
-117.4700 40.2300 0
-117.5000 40.1800 0
-117.5300 40.1300 0
nan nan nan
-118.1200 40.3900 0
-118.1500 40.3200 0
-118.1800 40.2300 0
-118.2000 40.1700 0
nan nan nan
-118.2000 40.6400 0
-118.1500 40.6400 0
-118.1700 40.6300 0
-118.2000 40.6000 0
-118.2100 40.5900 0
-118.2200 40.5600 0
-118.2300 40.5100 0
-118.2500 40.4600 0
-118.2400 40.4100 0
-118.2400 40.3600 0
-118.2400 40.3200 0
-118.3000 40.2800 0
nan nan nan
-117.6800 40.9700 0
-117.6900 40.9500 0
-117.7200 40.9200 0
-117.7500 40.8500 0
-117.7200 40.8300 0
-117.6900 40.7800 0
-117.6700 40.7300 0
-117.6500 40.6900 0
-117.6300 40.6400 0
-117.6200 40.6400 0
-117.6000 40.5900 0
-117.5600 40.5200 0
-117.5500 40.4800 0
-117.5500 40.4300 0
-117.5700 40.3800 0
nan nan nan
-117.6600 40.5000 0
-117.5800 40.4600 0
-117.5800 40.4000 0
-117.6300 40.3100 0
-117.6600 40.2400 0
nan nan nan
-117.6200 40.4100 0
-117.5300 40.4600 0
-117.4800 40.5600 0
-117.4800 40.5600 0
-117.4700 40.6900 0
nan nan nan
-117.5800 40.5200 0
-117.4700 40.5600 0
-117.4300 40.5800 0
-117.4400 40.5800 0
-117.4500 40.5600 0
-117.4500 40.5600 0
-117.4600 40.5000 0
-117.4500 40.4000 0
-117.4500 40.3500 0
-117.4600 40.3500 0
nan nan nan
-117.6100 40.7200 0
-117.4900 40.7700 0
-117.4800 40.8000 0
-117.4900 40.8000 0
-117.4900 40.8200 0
-117.4700 40.8300 0
-117.4800 40.8300 0
-117.4500 40.8300 0
-117.4300 40.8400 0
-117.4300 40.8700 0
-117.4100 40.8900 0
-117.3900 40.9100 0
nan nan nan
-117.5300 40.7000 0
-117.4400 40.7200 0
-117.4400 40.7200 0
-117.4200 40.7200 0
-117.4200 40.7200 0
-117.4000 40.7200 0
-117.3900 40.7400 0
-117.3500 40.7500 0
-117.3100 40.7900 0
-117.2600 40.8000 0
nan nan nan
-117.3300 40.5400 0
-117.2100 40.7400 0
nan nan nan
-118.3300 40.6900 0
-118.2500 40.7200 0
-118.2500 40.8000 0
-118.2400 40.8400 0
-118.2500 40.8900 0
-118.2400 40.9700 0
nan nan nan
-118.8300 40.8000 0
-118.6800 40.9800 0
-118.6800 40.9800 0
-118.6700 41.0800 0
-118.6700 41.0800 0
nan nan nan
-118.7400 41.1200 0
-118.5900 41.2900 0
-118.5200 41.3400 0
-118.4800 41.3900 0
nan nan nan
-118.1200 41.3800 0
-118.0600 41.5500 0
-118.0700 41.6000 0
-118.0700 41.6700 0
nan nan nan
-117.8800 41.1800 0
-117.8000 41.2100 0
-117.8200 41.3200 0
-117.8300 41.4100 0
nan nan nan
-117.8400 41.5400 0
-117.7500 41.6400 0
-117.7500 41.6400 0
-117.7500 41.7100 0
-117.7500 41.7100 0
-117.7400 41.7900 0
-117.7400 41.7900 0
nan nan nan
-119.5300 42.0900 0
-119.4500 42.1100 0
-119.4300 42.1500 0
-119.4300 42.1900 0
-119.3900 42.2500 0
-119.3800 42.2500 0
-119.3300 42.2900 0
-119.3200 42.2900 0
nan nan nan
-119.4400 42.2400 0
-119.4000 42.2900 0
-119.4300 42.3000 0
-119.4600 42.3200 0
-119.4600 42.3200 0
-119.4800 42.3300 0
-119.4600 42.3500 0
-119.4700 42.3500 0
-119.4700 42.4100 0
-119.4700 42.4100 0
-119.4700 42.4300 0
nan nan nan
-119.4200 42.2700 0
-119.3700 42.3500 0
nan nan nan
-119.1600 42.4700 0
-119.0600 42.4300 0
-119.0200 42.4000 0
-119.0000 42.3600 0
-118.9700 42.3200 0
-118.9800 42.3100 0
-118.9800 42.3100 0
-119.0100 42.2900 0
-118.9900 42.2600 0
-118.9800 42.2300 0
-118.9500 42.2100 0
-118.9200 42.2100 0
-118.9000 42.2200 0
-118.8800 42.2500 0
-118.8800 42.2500 0
-118.8600 42.2800 0
-118.8600 42.3200 0
-118.8500 42.3600 0
-118.8300 42.4000 0
-118.8300 42.4200 0
-118.8500 42.4600 0
-118.8500 42.4800 0
-118.8700 42.4900 0
-118.9100 42.5100 0
-118.9300 42.5200 0
-118.9600 42.5500 0
-118.9700 42.5900 0
-118.9700 42.6300 0
-118.9600 42.6300 0
nan nan nan
-119.0900 42.7100 0
-118.9200 42.6100 0
nan nan nan
-118.7300 42.1700 0
-118.6900 42.2400 0
-118.6800 42.2900 0
-118.6700 42.3300 0
-118.6900 42.3700 0
-118.6700 42.4100 0
-118.6700 42.4700 0
-118.6400 42.5100 0
-118.6400 42.5500 0
-118.6300 42.6100 0
nan nan nan
-118.6100 42.4700 0
-118.5300 42.5900 0
-118.5200 42.6600 0
-118.5200 42.7100 0
-118.5100 42.7300 0
-118.4700 42.8400 0
-118.4600 42.8800 0
-118.4200 42.9300 0
-118.3800 42.9800 0
-118.3400 43.0100 0
-118.3300 42.9900 0
-118.3300 42.9800 0
-118.3400 42.9700 0
-118.3600 42.9500 0
-118.3700 42.9400 0
-118.3800 42.9200 0
-118.3800 42.9200 0
-118.3900 42.9000 0
-118.4000 42.8600 0
-118.4100 42.8400 0
-118.4100 42.8200 0
-118.4100 42.7800 0
-118.4000 42.7400 0
-118.4000 42.7400 0
-118.4000 42.7100 0
-118.3900 42.7200 0
-118.3500 42.7200 0
-118.3100 42.7400 0
-118.2900 42.7600 0
-118.2600 42.7900 0
-118.2900 42.7600 0
-118.2800 42.7500 0
-118.2800 42.7200 0
-118.2800 42.7200 0
-118.2900 42.6900 0
-118.3100 42.6700 0
-118.3500 42.6400 0
-118.3500 42.6400 0
-118.3800 42.6000 0
-118.3800 42.6000 0
-118.3800 42.5500 0
-118.3700 42.5100 0
nan nan nan
-118.1300 42.7600 0
-118.0900 42.7800 0
-118.1300 42.8000 0
-118.1400 42.8100 0
-118.1800 42.8200 0
-118.2200 42.8200 0
-118.2300 42.8200 0
nan nan nan
-117.6800 42.4700 0
-117.6200 42.6700 0
-117.6500 42.7600 0
-117.6500 42.8600 0
-117.6900 42.9400 0
nan nan nan
-119.8600 42.4900 0
-119.7600 42.5500 0
-119.7200 42.5700 0
-119.6800 42.6000 0
-119.6500 42.6200 0
-119.6100 42.6400 0
nan nan nan
-119.7000 42.5400 0
-119.5900 42.5800 0
-119.5700 42.6100 0
-119.5500 42.6400 0
-119.5200 42.7200 0
-119.5100 42.7700 0
-119.5000 42.8200 0
-119.4800 42.8800 0
-119.4700 42.8900 0
nan nan nan
-119.6900 42.5700 0
-119.5900 42.6100 0
-119.5900 42.6200 0
-119.5900 42.6600 0
-119.5800 42.6900 0
nan nan nan
-118.9600 42.9600 0
-118.8900 42.9700 0
-118.8900 42.9300 0
-118.9100 42.8800 0
-118.9300 42.8400 0
-118.9800 42.7800 0
-119.0000 42.7600 0
nan nan nan
-118.9800 42.8500 0
-118.8700 42.8000 0
nan nan nan
-118.7100 42.8900 0
-118.6300 42.9100 0
-118.6500 42.9600 0
-118.6700 42.9900 0
-118.7100 43.0100 0
nan nan nan
-118.6700 42.9300 0
-118.6600 43.0400 0
nan nan nan
-118.5200 43.0200 0
-118.4800 43.0600 0
-118.5100 43.0800 0
-118.5400 43.0900 0
nan nan nan
-118.5500 43.0800 0
-118.5700 43.1500 0
nan nan nan
-118.4800 43.0100 0
-118.4900 43.1700 0
nan nan nan
-118.4200 43.1000 0
-118.4300 43.1700 0
nan nan nan
-118.4200 43.0500 0
-118.2600 43.1600 0
nan nan nan
-118.2500 43.0500 0
-118.0000 43.2600 0
-117.9400 43.2900 0
-117.8600 43.3300 0
-117.8300 43.3600 0
nan nan nan
-118.0500 43.2400 0
-117.8900 43.2700 0
nan nan nan
-120.0200 42.9400 0
-119.9500 43.0000 0
-119.9300 43.0100 0
-119.9100 43.0400 0
-119.8800 43.0600 0
-119.8700 43.1000 0
-119.8900 43.1300 0
-119.9100 43.1700 0
nan nan nan
-119.5100 43.0000 0
-119.5000 43.0200 0
-119.5100 43.0400 0
-119.5200 43.0800 0
-119.5200 43.1200 0
-119.5400 43.1500 0
nan nan nan
-119.4800 43.0200 0
-119.5000 43.2500 0
nan nan nan
-119.3900 43.0500 0
-119.3400 43.1000 0
-119.3600 43.1100 0
-119.3900 43.1300 0
-119.3900 43.1500 0
-119.3900 43.1500 0
-119.4100 43.1800 0
-119.4200 43.2000 0
-119.4200 43.2000 0
-119.4400 43.2200 0
nan nan nan
-119.1800 43.1500 0
-119.3700 43.2800 0
nan nan nan
-119.0200 43.0800 0
-119.0500 43.1700 0
nan nan nan
-119.0700 43.1400 0
-119.0900 43.2200 0
nan nan nan
-119.0300 43.1900 0
-119.0800 43.2700 0
nan nan nan
-119.2200 43.2300 0
-119.2800 43.3700 0
nan nan nan
-119.2800 43.2300 0
-119.2600 43.3100 0
nan nan nan
-119.3800 43.2900 0
-119.3800 43.3700 0
nan nan nan
-119.5400 43.2800 0
-119.5700 43.4100 0
nan nan nan
-119.5700 43.3500 0
-119.5700 43.4900 0
nan nan nan
-119.7300 43.3900 0
-119.6500 43.4100 0
-119.7900 43.4900 0
nan nan nan
-119.9400 43.4900 0
-119.9400 43.5500 0
nan nan nan
-119.9800 43.4700 0
-119.9900 43.5200 0
nan nan nan
-119.8000 43.5800 0
-119.8200 43.6700 0
-119.8300 43.6700 0
-118.9800 43.3900 0
-119.1100 43.4900 0
-119.1100 43.4800 0
nan nan nan
-119.2500 43.3900 0
-119.3700 43.5200 0
nan nan nan
-119.3400 43.5500 0
-119.3700 43.5900 0
nan nan nan
-119.5600 43.5000 0
-119.5600 43.5600 0
nan nan nan
-118.0500 43.3000 0
-118.0100 43.3600 0
-118.0400 43.3900 0
-118.0800 43.4500 0
-118.0900 43.4900 0
-118.1200 43.5400 0
nan nan nan
-118.5500 43.3500 0
-118.4700 43.3900 0
-118.4500 43.4200 0
-118.4300 43.4700 0
-118.4300 43.5100 0
-118.4300 43.5500 0
-118.4500 43.5900 0
-118.4800 43.6200 0
-118.5200 43.6400 0
nan nan nan
-119.0200 43.6300 0
-118.9800 43.6800 0
-119.0100 43.7300 0
-119.0500 43.7500 0
-119.1000 43.7800 0
-119.1400 43.8200 0
-119.1700 43.8600 0
-119.1900 43.9100 0
-119.1900 43.9600 0
-119.1600 44.0100 0
-119.1300 44.0500 0
nan nan nan
-116.9800 42.7300 0
-116.9900 42.9700 0
nan nan nan
-116.3800 42.6800 0
-116.3800 42.7500 0
-116.4600 42.8100 0
-116.5200 42.8600 0
-116.5900 42.9000 0
-116.6600 42.9300 0
-116.7400 42.9600 0
-116.8000 43.0100 0
-116.8300 43.0400 0
-116.8900 43.1000 0
-116.9100 43.1600 0
-116.9300 43.2200 0
-116.9500 43.3000 0
nan nan nan
-116.6000 42.9800 0
-116.5900 43.1000 0
-116.6200 43.1800 0
-116.6400 43.3000 0
-116.6800 43.3800 0
-116.6800 43.4300 0
nan nan nan
-116.9400 43.5000 0
-116.8400 43.5300 0
-116.7900 43.5100 0
-116.7400 43.4800 0
-116.6900 43.4600 0
-116.6400 43.4300 0
-116.5900 43.4100 0
nan nan nan
-116.1000 42.7600 0
-116.1100 42.8100 0
nan nan nan
-116.1900 42.8100 0
-116.1700 42.8700 0
-116.2400 42.9100 0
-116.3000 42.9500 0
-116.3300 43.0000 0
-116.3500 43.0300 0
nan nan nan
-115.8900 42.7800 0
-115.9000 42.8500 0
-115.9700 42.8700 0
-116.0500 42.9000 0
nan nan nan
-115.7500 42.8500 0
-115.7500 42.9200 0
-115.8300 42.9400 0
-115.9000 42.9500 0
-115.9600 42.9400 0
-116.0400 42.9600 0
nan nan nan
-115.5400 43.2000 0
-115.5000 43.2700 0
-115.5300 43.3000 0
-115.5500 43.3300 0
-115.5900 43.3400 0
-115.6400 43.3700 0
-115.6900 43.3900 0
-115.7500 43.4200 0
-115.7900 43.4400 0
-115.8100 43.4600 0
nan nan nan
-115.3400 43.2200 0
-115.4400 43.2900 0
nan nan nan
-115.3400 43.1900 0
-115.3600 43.2900 0
nan nan nan
-116.4400 43.9200 0
-116.4400 44.0100 0
-116.4800 44.0700 0
-116.5400 44.1300 0
-116.5900 44.1900 0
-116.6300 44.2400 0
nan nan nan
-116.7000 44.2100 0
-116.7600 44.2700 0
-116.8000 44.3500 0
-116.8300 44.4100 0
nan nan nan
-117.5400 43.5500 0
-117.5300 43.5900 0
-117.5000 43.6600 0
-117.4700 43.7300 0
-117.4700 43.7400 0
-117.4300 43.8300 0
-117.4200 43.8800 0
nan nan nan
-117.5200 44.0300 0
-117.4700 44.0600 0
-117.4900 44.1300 0
-117.5300 44.1800 0
-117.5300 44.1900 0
-117.5600 44.2400 0
-117.5900 44.2800 0
-117.6200 44.3100 0
-117.7000 44.3200 0
nan nan nan
-117.7400 44.2400 0
-117.7400 44.2600 0
-117.8000 44.2500 0
-117.8500 44.2700 0
-117.9100 44.2900 0
-117.9500 44.3300 0
nan nan nan
-118.0900 44.1900 0
-118.0400 44.2600 0
-118.0600 44.3000 0
-118.0700 44.3400 0
-118.1100 44.3700 0
-118.1800 44.4000 0
-118.2500 44.4100 0
-118.3200 44.4300 0
nan nan nan
-118.3800 44.0900 0
-118.3400 44.1400 0
-118.3800 44.1600 0
-118.4100 44.2000 0
-118.4500 44.2800 0
-118.4700 44.3700 0
-118.4700 44.3900 0
-118.4800 44.4400 0
-118.5100 44.4700 0
nan nan nan
-118.4100 44.0700 0
-118.3900 44.1900 0
nan nan nan
-118.4700 43.9400 0
-118.4300 44.0400 0
-118.4400 44.1000 0
-118.4800 44.1600 0
-118.4900 44.2200 0
-118.5200 44.2800 0
-118.5200 44.3400 0
-118.5500 44.3700 0
-118.5700 44.4100 0
nan nan nan
-118.5400 44.1600 0
-118.5100 44.2400 0
-118.5500 44.3100 0
-118.5900 44.3600 0
-118.6300 44.4000 0
-118.6800 44.4000 0
-118.8300 44.4000 0
-118.8700 44.4100 0
-118.9200 44.4400 0
-119.0100 44.4300 0
-119.0800 44.4500 0
-119.1700 44.4500 0
-119.2700 44.4500 0
-119.3500 44.4500 0
-119.4000 44.4600 0
-119.4400 44.4800 0
-119.4900 44.4800 0
-119.5500 44.5000 0
-119.6000 44.5100 0
-119.6600 44.5200 0
-119.7100 44.5400 0
nan nan nan
-119.1600 44.4100 0
-119.1200 44.3600 0
-119.1400 44.3300 0
-119.1600 44.2900 0
-119.2000 44.2500 0
-119.2400 44.2200 0
-119.3000 44.1900 0
-119.3400 44.1700 0
-119.3800 44.1500 0
-119.4100 44.1400 0
-119.4200 44.1300 0
nan nan nan
-119.5300 44.4300 0
-119.4900 44.4500 0
-119.5300 44.4500 0
-119.6100 44.4500 0
-119.6900 44.4600 0
-119.7500 44.4600 0
-119.7900 44.4500 0
-119.8400 44.4600 0
-119.9000 44.4800 0
nan nan nan
-118.2000 44.4200 0
-118.2200 44.4500 0
nan nan nan
-118.2100 44.4400 0
-118.2000 44.4800 0
-118.2600 44.5200 0
-118.3500 44.5700 0
-118.4000 44.5700 0
nan nan nan
-118.9600 44.6300 0
-119.0000 44.7800 0
nan nan nan
-118.9900 44.7300 0
-118.9600 44.8100 0
-119.0800 44.8800 0
-119.2000 44.9400 0
nan nan nan
-117.8600 44.5600 0
-117.8600 44.5800 0
-117.9400 44.6000 0
-118.0400 44.6200 0
-118.1300 44.6700 0
-118.2100 44.7100 0
-118.2800 44.7400 0
-118.3300 44.7800 0
-118.4000 44.8300 0
-118.4700 44.8600 0
-118.5200 44.8900 0
-118.5800 44.9100 0
-118.6500 44.9400 0
-118.6800 44.9600 0
nan nan nan
-117.9700 44.7300 0
-118.3500 44.9600 0
nan nan nan
-117.4300 44.5600 0
-117.4300 44.5600 0
-117.5500 44.6100 0
nan nan nan
-117.6300 44.6700 0
-117.7300 44.7000 0
nan nan nan
-117.6100 44.6300 0
-117.6100 44.6900 0
-117.7300 44.7400 0
nan nan nan
-117.8200 44.7400 0
-117.8200 44.7800 0
-117.8900 44.7700 0
-117.9500 44.7900 0
-118.0100 44.8200 0
-118.0600 44.8700 0
nan nan nan
-117.8900 44.7200 0
-117.9400 44.8200 0
-118.0200 44.8400 0
-118.0400 44.8400 0
nan nan nan
-117.6400 44.6100 0
-117.7200 44.6900 0
nan nan nan
-117.5600 44.6000 0
-117.6100 44.7100 0
-117.7000 44.7300 0
nan nan nan
-117.4600 44.7300 0
-117.5700 44.8100 0
nan nan nan
-117.7400 44.7700 0
-117.8000 44.8200 0
nan nan nan
-117.7800 44.7700 0
-117.7500 44.8500 0
nan nan nan
-117.6000 44.8900 0
-117.7000 44.9200 0
nan nan nan
-117.7800 44.8200 0
-117.8500 45.0000 0
nan nan nan
-117.1500 44.8800 0
-117.2000 45.0100 0
nan nan nan
-114.9900 39.4200 0
-114.9000 39.4800 0
-114.8900 39.5500 0
-114.8700 39.5900 0
-114.8400 39.6400 0
-114.8100 39.6800 0
-114.8200 39.7000 0
-114.8300 39.7200 0
-114.8300 39.7300 0
-114.8500 39.7500 0
-114.8600 39.7700 0
-114.8800 39.8100 0
-114.8900 39.8300 0
-114.8900 39.8500 0
-114.8700 39.8700 0
-114.8600 39.8900 0
-114.8500 39.9100 0
-114.8400 39.9500 0
-114.8300 39.9700 0
-114.8300 39.9900 0
-114.8100 40.0200 0
-114.7900 40.0500 0
-114.7800 40.0900 0
-114.7700 40.1100 0
-114.7800 40.1500 0
-114.7900 40.1600 0
-114.7900 40.1800 0
-114.8000 40.2000 0
-114.8200 40.2400 0
-114.8300 40.2600 0
-114.8600 40.2900 0
nan nan nan
-114.9400 40.1800 0
-114.9300 40.1900 0
-114.9700 40.2300 0
-114.9700 40.2500 0
-114.9500 40.3000 0
-114.9400 40.3200 0
-114.9300 40.3600 0
nan nan nan
-114.7200 39.6800 0
-114.6700 39.7400 0
-114.6600 39.7700 0
-114.6200 39.8200 0
-114.5900 39.8500 0
-114.5900 39.8500 0
-114.5800 39.8800 0
-114.5500 39.9600 0
-114.5500 39.9600 0
-114.5400 39.9900 0
-114.5200 40.0500 0
nan nan nan
-114.0400 39.8100 0
-113.9500 39.8600 0
-113.9300 39.8700 0
-113.9200 39.8800 0
-113.9200 39.8900 0
-113.9100 39.9400 0
-113.9100 39.9700 0
-113.8900 40.0300 0
-113.8800 40.0300 0
-113.9100 40.0700 0
-113.9100 40.1000 0
-113.9100 40.1200 0
nan nan nan
-114.5200 40.5300 0
-114.5000 40.5900 0
-114.5200 40.6500 0
-114.5300 40.6800 0
-114.5400 40.6900 0
-114.5400 40.6900 0
-114.5400 40.7300 0
-114.5400 40.7700 0
-114.5400 40.8200 0
-114.5400 40.8200 0
-114.5300 40.9100 0
-114.5300 40.9300 0
-114.5200 40.9700 0
-114.5200 40.9700 0
-114.5100 41.0100 0
-114.5100 41.0500 0
-114.4900 41.0600 0
nan nan nan
-114.3600 40.3300 0
-114.2700 40.3500 0
-114.3000 40.4100 0
-114.3200 40.4300 0
-114.3300 40.4400 0
-114.3300 40.4500 0
-114.3700 40.5000 0
-114.3700 40.5100 0
-114.3500 40.5300 0
-114.3300 40.5500 0
-114.3200 40.5800 0
-114.3200 40.6100 0
-114.3200 40.6500 0
-114.3200 40.6900 0
-114.3200 40.7200 0
-114.3200 40.7300 0
-114.3200 40.7600 0
-114.3100 40.8000 0
-114.3300 40.8500 0
-114.3400 40.8700 0
-114.3200 40.9300 0
-114.3200 40.9600 0
nan nan nan
-113.4000 40.9600 0
-113.3000 41.0300 0
-113.3100 41.0500 0
-113.3100 41.0700 0
-113.3200 41.1100 0
-113.3200 41.1200 0
-113.3100 41.1600 0
-113.3300 41.1800 0
-113.3200 41.1800 0
-113.3100 41.2000 0
-113.2700 41.2100 0
nan nan nan
-112.8500 40.2900 0
-112.7800 40.3100 0
-112.8900 40.4300 0
nan nan nan
-112.6300 40.2300 0
-112.6300 40.2600 0
-112.6100 40.2800 0
-112.5900 40.3100 0
-112.6000 40.3300 0
-112.6400 40.3500 0
-112.6700 40.3600 0
-112.6900 40.3900 0
-112.7100 40.4100 0
-112.7300 40.4500 0
-112.7200 40.4900 0
-112.7300 40.4900 0
-112.7100 40.5200 0
-112.6900 40.5500 0
-112.6800 40.5600 0
-112.6600 40.5900 0
-112.6600 40.6100 0
-112.6800 40.6400 0
-112.6800 40.6700 0
-112.6800 40.7000 0
-112.6700 40.7400 0
-112.6700 40.7400 0
-112.6500 40.7900 0
nan nan nan
-112.2300 39.6000 0
-112.1400 39.6300 0
-112.1100 39.7800 0
-112.1300 39.9400 0
-112.1900 39.9600 0
-112.1900 39.9600 0
-112.2200 39.9900 0
-112.2700 40.0300 0
-112.2600 40.0500 0
-112.2600 40.0800 0
-112.2700 40.1200 0
-112.2800 40.1600 0
-112.2600 40.1900 0
-112.2600 40.2500 0
-112.2900 40.2800 0
-112.3200 40.3200 0
-112.3600 40.3600 0
nan nan nan
-112.4400 40.4400 0
-112.3200 40.4900 0
-112.2900 40.5100 0
-112.2600 40.5200 0
-112.2300 40.5500 0
-112.2500 40.5700 0
-112.2900 40.6000 0
-112.3200 40.6400 0
nan nan nan
-112.2800 40.5100 0
-112.2000 40.5300 0
-112.2000 40.5500 0
nan nan nan
-111.9200 39.6700 0
-111.8300 39.7200 0
-111.8400 39.7400 0
-111.8400 39.7700 0
-111.8500 39.8000 0
-111.8400 39.8200 0
-111.8400 39.8500 0
-111.8400 39.9000 0
-111.8400 39.9400 0
-111.8400 39.9900 0
-111.8300 40.0500 0
-111.8300 40.0900 0
-111.8300 40.1000 0
-111.8300 40.1200 0
-111.8400 40.1600 0
-111.8300 40.2100 0
-111.8300 40.2400 0
-111.8500 40.2600 0
-111.8600 40.2700 0
-111.8700 40.3000 0
-111.8800 40.3200 0
-111.8900 40.3500 0
-111.9000 40.3600 0
-111.9200 40.4100 0
nan nan nan
-111.8200 39.9700 0
-111.7200 40.0300 0
-111.7400 40.0500 0
-111.7100 40.0600 0
-111.6800 40.0700 0
-111.6600 40.0800 0
-111.6500 40.1000 0
-111.6400 40.1100 0
-111.6200 40.1400 0
-111.6200 40.1600 0
-111.6100 40.1800 0
-111.6200 40.1900 0
nan nan nan
-111.6800 40.2000 0
-111.5900 40.2600 0
-111.6200 40.3000 0
-111.6400 40.3200 0
-111.6500 40.3600 0
-111.6700 40.3900 0
-111.6900 40.4200 0
-111.7100 40.4400 0
-111.7200 40.4700 0
-111.7500 40.4800 0
-111.7800 40.4900 0
-111.8100 40.5000 0
-111.8600 40.5200 0
-111.8600 40.5200 0
-111.8300 40.5600 0
-111.8300 40.5700 0
-111.8400 40.6200 0
nan nan nan
-111.0300 40.5600 0
-110.8100 40.6000 0
-110.8000 40.5900 0
-110.7700 40.5800 0
-110.7200 40.5900 0
-110.6800 40.6000 0
-110.6300 40.6100 0
-110.5400 40.6500 0
-110.5700 40.6600 0
-110.6300 40.6700 0
-110.6800 40.6800 0
-110.7700 40.6800 0
-110.8300 40.6600 0
-110.7400 40.6700 0
-110.7400 40.6800 0
-110.7100 40.7000 0
-110.6800 40.7200 0
nan nan nan
-111.0900 40.8100 0
-110.9900 40.8600 0
-110.9400 40.8700 0
-110.8900 40.8700 0
-110.8000 40.9000 0
-110.7400 40.9200 0
-110.6600 40.9400 0
-110.6600 40.9400 0
-110.6200 40.9500 0
-110.6000 40.9500 0
-110.5500 40.9400 0
-110.5200 40.9500 0
-110.4600 40.9700 0
nan nan nan
-111.2200 40.9500 0
-110.9800 41.2000 0
nan nan nan
-111.1400 41.1900 0
-111.0000 41.2700 0
-110.9900 41.2800 0
-110.9800 41.3000 0
-110.9900 41.3100 0
-111.0100 41.3300 0
-110.9700 41.3500 0
-110.9600 41.3700 0
-110.9500 41.4000 0
-110.9500 41.4400 0
-110.9700 41.4500 0
-110.9900 41.5000 0
nan nan nan
-111.9900 40.9600 0
-111.9300 41.0200 0
-111.9300 41.0500 0
-111.9200 41.0700 0
-111.9300 41.1000 0
-111.9500 41.1400 0
-111.9600 41.1800 0
-111.9600 41.2200 0
-111.9600 41.2500 0
-111.9700 41.2700 0
-111.9800 41.3100 0
-112.0000 41.3600 0
-112.0200 41.3900 0
-112.0200 41.4300 0
-112.0300 41.4500 0
-112.0300 41.4800 0
-112.0200 41.5100 0
-112.0000 41.5500 0
-112.0100 41.5700 0
-112.0100 41.5900 0
-112.0100 41.6100 0
-112.0200 41.6300 0
-112.0300 41.6400 0
-112.0300 41.6500 0
-112.0400 41.6800 0
-112.0500 41.6900 0
-112.0600 41.7200 0
-112.0600 41.7400 0
-112.0700 41.7700 0
-112.0700 41.7800 0
-112.0600 41.8200 0
-112.0700 41.8400 0
-112.0700 41.8700 0
-112.0800 41.9000 0
-112.0800 41.9300 0
-112.1100 41.9500 0
-112.1200 41.9500 0
-112.1300 41.9600 0
nan nan nan
-112.5100 41.1900 0
-112.5300 41.2700 0
-112.4600 41.2800 0
-112.4400 41.2900 0
-112.4100 41.2800 0
-112.4100 41.2800 0
nan nan nan
-112.6000 41.3300 0
-112.5200 41.3900 0
-112.5000 41.4000 0
-112.5000 41.4100 0
-112.5100 41.4200 0
-112.5100 41.4300 0
-112.5300 41.4500 0
-112.5400 41.4600 0
-112.5500 41.4700 0
-112.5700 41.5000 0
nan nan nan
-112.5400 41.3800 0
-112.4700 41.4100 0
-112.4800 41.4900 0
nan nan nan
-112.6000 41.5200 0
-112.5200 41.6700 0
-112.5100 41.6700 0
nan nan nan
-112.7000 41.4700 0
-112.6300 41.5200 0
-112.6300 41.5400 0
-112.6400 41.5700 0
-112.6300 41.6000 0
-112.6200 41.6200 0
-112.6100 41.6500 0
-112.6100 41.6900 0
-112.6000 41.7200 0
-112.5900 41.7500 0
-112.5600 41.7800 0
-112.5600 41.8100 0
-112.5600 41.8400 0
-112.5600 41.8700 0
-112.5600 41.9100 0
nan nan nan
-111.9000 41.3100 0
-111.9000 41.4000 0
-111.8900 41.4400 0
-111.9000 41.4800 0
-111.9000 41.4800 0
-111.9000 41.5200 0
-111.9000 41.5500 0
-111.8900 41.6100 0
-111.9000 41.6400 0
-111.9000 41.6800 0
-111.9200 41.7200 0
-111.9200 41.7500 0
-111.9400 41.7800 0
-111.9500 41.8100 0
-111.9600 41.8400 0
-111.9600 41.8600 0
nan nan nan
-111.8200 41.3100 0
-111.7600 41.3500 0
-111.7700 41.3900 0
-111.7700 41.4300 0
-111.7700 41.4700 0
-111.7700 41.4800 0
-111.7800 41.5300 0
-111.7800 41.6200 0
-111.8000 41.6700 0
-111.8100 41.7400 0
-111.8100 41.7800 0
-111.8000 41.8100 0
-111.7800 41.8400 0
-111.7700 41.8600 0
-111.7500 41.8900 0
-111.7400 41.9300 0
nan nan nan
-111.8700 41.7500 0
-111.8000 41.7800 0
-111.7900 41.8500 0
-111.7900 41.8600 0
-111.7900 41.9100 0
-111.7800 41.9500 0
nan nan nan
-111.6200 41.7000 0
-111.5300 41.8800 0
-111.5200 41.9500 0
-111.5000 41.9800 0
nan nan nan
-111.5900 41.7200 0
-111.5200 41.8300 0
-111.5900 41.9700 0
nan nan nan
-111.4300 41.7500 0
-111.3900 41.9300 0
nan nan nan
-111.3900 41.8300 0
-111.3300 41.8700 0
-111.3200 41.9800 0
nan nan nan
-111.1300 41.6100 0
-111.1100 41.7000 0
-111.0700 41.7900 0
-111.0500 41.8200 0
-111.0400 41.8400 0
-111.0300 41.8700 0
-111.0300 41.9300 0
-111.0100 41.9400 0
nan nan nan
-110.5800 41.8600 0
-110.5500 41.8700 0
-110.5500 41.9100 0
-110.5300 41.9600 0
-110.5200 42.0000 0
-110.5000 42.0500 0
-110.5000 42.0900 0
-110.5100 42.1000 0
-110.5000 42.1300 0
-110.4900 42.1900 0
-110.5000 42.2400 0
-110.4900 42.3100 0
-110.4800 42.3700 0
nan nan nan
-110.3700 40.9900 0
-110.2400 41.0200 0
-110.1900 41.0300 0
-110.1500 41.0500 0
-110.1200 41.0500 0
-110.0700 41.0300 0
nan nan nan
-110.2800 40.5900 0
-110.2300 40.6500 0
-110.0900 40.6900 0
nan nan nan
-114.7400 41.9800 0
-114.6000 42.0700 0
nan nan nan
-114.5700 41.9500 0
-114.5500 42.0500 0
-114.5600 42.1200 0
nan nan nan
-114.5100 42.1000 0
-114.4000 42.1800 0
-114.4000 42.1800 0
nan nan nan
-114.2400 41.9800 0
-114.2300 42.0900 0
-114.2300 42.1300 0
-114.2200 42.1600 0
nan nan nan
-113.8800 42.0000 0
-113.8600 42.1000 0
-113.8400 42.1400 0
-113.8200 42.1600 0
-113.8000 42.1800 0
-113.7800 42.2200 0
-113.7300 42.2600 0
-113.7000 42.3000 0
-113.6700 42.3500 0
-113.6200 42.4100 0
-113.6200 42.4100 0
nan nan nan
-111.8200 42.0500 0
-111.7400 42.1400 0
-111.7300 42.1700 0
-111.7000 42.0900 0
nan nan nan
-110.9900 42.0500 0
-111.0000 42.1900 0
-111.0100 42.2300 0
-111.0200 42.2400 0
-111.0500 42.3000 0
-111.0800 42.3900 0
nan nan nan
-111.3200 42.1500 0
-111.3500 42.2500 0
-111.3900 42.4300 0
nan nan nan
-111.4800 42.1900 0
-111.4100 42.2300 0
-111.4100 42.3200 0
-111.4400 42.3900 0
-111.4600 42.4800 0
-111.5000 42.5500 0
nan nan nan
-111.3300 42.4300 0
-111.4100 42.5700 0
nan nan nan
-110.6800 42.4500 0
-110.6600 42.6200 0
-110.6600 42.6200 0
-110.6600 42.6500 0
-110.6500 42.7300 0
-110.6600 42.8100 0
-110.6600 42.9000 0
nan nan nan
-111.0000 42.6900 0
-110.9300 42.7200 0
-110.9500 42.8000 0
-110.9400 42.8000 0
-110.9600 42.8500 0
nan nan nan
-110.9600 42.8000 0
-110.9100 42.9300 0
nan nan nan
-111.3300 42.7100 0
-111.3800 42.7600 0
nan nan nan
-111.4800 42.7300 0
-111.4700 42.8500 0
-111.2900 42.8400 0
nan nan nan
-111.5700 42.6400 0
-111.5800 42.7300 0
-111.5900 42.8200 0
-111.6600 42.9400 0
nan nan nan
-111.7200 42.5700 0
-111.6600 42.6500 0
nan nan nan
-111.7300 42.6700 0
-111.7200 42.7700 0
nan nan nan
-111.7700 42.5300 0
-111.6900 42.5900 0
nan nan nan
-111.8300 42.6500 0
-111.9300 42.8600 0
nan nan nan
-111.8600 42.4500 0
-111.9300 42.6500 0
nan nan nan
-111.0000 43.4800 0
-110.9200 43.5400 0
-110.9000 43.5600 0
-110.8800 43.5800 0
-110.8300 43.6000 0
-110.8000 43.6200 0
-110.7700 43.6500 0
-110.7400 43.6800 0
-110.7200 43.7300 0
-110.7300 43.7300 0
nan nan nan
-112.8500 44.4900 0
-112.8100 44.5300 0
-112.8200 44.5600 0
-112.8600 44.6000 0
-112.9200 44.6800 0
-112.9300 44.6900 0
-112.9800 44.7000 0
-113.0400 44.7200 0
nan nan nan
-120.4200 46.5500 0
-120.3900 46.6100 0
-120.4500 46.6600 0
-120.4700 46.6900 0
-120.5200 46.7300 0
-120.5500 46.7500 0
-120.6100 46.7700 0
nan nan nan
-113.0400 44.8000 0
-113.1100 44.9500 0
nan nan nan
-112.9600 44.6900 0
-112.8900 44.7700 0
-112.9100 44.8100 0
-112.9200 44.8100 0
nan nan nan
-112.7900 44.4400 0
-112.8200 44.5400 0
-112.8500 44.5900 0
-112.8800 44.6200 0
-112.9100 44.6600 0
-112.9600 44.7000 0
-113.0400 44.7200 0
nan nan nan
-112.5900 44.5200 0
-112.6200 44.6100 0
-112.6700 44.6500 0
-112.7400 44.7100 0
nan nan nan
-112.4300 44.9000 0
-112.4400 44.9900 0
nan nan nan
-112.3200 44.5700 0
-112.2300 44.5900 0
-112.2000 44.6000 0
-112.1400 44.6100 0
-112.1000 44.6100 0
nan nan nan
-111.9600 44.5900 0
-111.8300 44.6500 0
-111.7900 44.6300 0
-111.6800 44.6300 0
nan nan nan
-111.9600 44.8900 0
-111.8500 45.0000 0
nan nan nan
-111.5200 44.7400 0
-111.4600 44.8000 0
-111.4400 44.8100 0
-111.4500 44.8500 0
-111.5000 44.9000 0
-111.5300 44.9300 0
-111.5500 44.9700 0
nan nan nan
-110.9000 44.8000 0
-110.8600 44.8700 0
-110.9000 44.9100 0
-110.9200 44.9300 0
-110.9200 44.9700 0
nan nan nan
-110.7700 44.8900 0
-110.7900 44.9900 0
nan nan nan
-112.4200 44.8900 0
-112.4600 44.9900 0
-113.6500 44.7900 0
-113.6900 44.9500 0
nan nan nan
-113.5900 44.6800 0
-113.5400 44.7700 0
-113.5500 44.8000 0
-113.5600 44.8000 0
-113.6000 44.9300 0
nan nan nan
-113.4700 44.4400 0
-113.4900 44.5300 0
-113.5100 44.5800 0
-113.5300 44.6200 0
-113.5500 44.6500 0
-113.5900 44.6900 0
-113.6500 44.7100 0
nan nan nan
-113.3300 44.5200 0
-113.3500 44.6000 0
-113.3900 44.6400 0
-113.4400 44.7000 0
nan nan nan
-113.2200 44.8900 0
-113.2200 44.9900 0
nan nan nan
-113.1400 44.5600 0
-113.0700 44.5800 0
-113.0500 44.5900 0
-113.0100 44.6000 0
-112.9800 44.6000 0
nan nan nan
-112.8900 44.5900 0
-112.7900 44.6400 0
-112.7600 44.6300 0
-112.6900 44.6300 0
nan nan nan
-112.8900 44.8900 0
-112.8100 44.9900 0
nan nan nan
-112.5700 44.7400 0
-112.5300 44.7900 0
-112.5200 44.8100 0
-112.5300 44.8500 0
-112.5600 44.8900 0
-112.5800 44.9200 0
-112.6000 44.9700 0
nan nan nan
-112.1400 44.8000 0
-112.1100 44.8700 0
-112.1300 44.9000 0
-112.1500 44.9200 0
-112.1500 44.9700 0
nan nan nan
-112.0500 44.8800 0
-112.0600 44.9800 0
nan nan nan
-113.2100 44.8900 0
-113.2300 44.9800 0
nan nan nan
-115.2300 35.6600 0
-115.2300 35.7000 0
-115.2300 35.7500 0
-115.2400 35.7700 0
-115.2500 35.7900 0
-115.2600 35.8000 0
nan nan nan
-115.1500 35.7700 0
-115.2200 35.8000 0
-115.2000 35.8200 0
nan nan nan
-115.3400 35.7800 0
nan nan nan
-116.1200 36.8800 0
-116.1200 37.2000 0
-116.1100 37.2500 0
-116.1000 37.3100 0
-116.0800 37.3500 0
-116.0700 37.3800 0
nan nan nan
-115.2600 36.6400 0
-115.3100 36.7000 0
-115.2900 36.7400 0
-115.2700 36.7800 0
-115.2400 36.8200 0
-115.2100 36.8600 0
-115.1900 36.8800 0
-115.1700 36.9200 0
-115.1700 36.9500 0
-115.1700 36.9800 0
-115.1800 37.0200 0
-115.2000 37.0600 0
-115.2200 37.1100 0
-115.2400 37.1600 0
nan nan nan
-115.1400 36.6800 0
-115.2700 36.7900 0
nan nan nan
-115.1300 36.7300 0
-115.1900 36.8800 0
nan nan nan
-114.9900 36.8200 0
-115.0700 36.8300 0
-115.0900 36.8300 0
-115.1100 36.8400 0
-115.1400 36.8500 0
-115.1800 36.8700 0
-115.2000 36.8800 0
nan nan nan
-115.0900 36.8400 0
-115.1100 36.9000 0
-115.1400 36.9100 0
-115.1600 36.9200 0
-115.1800 36.9200 0
nan nan nan
-116.3300 37.5200 0
-116.4000 37.5900 0
-116.4100 37.6500 0
-116.4100 37.7200 0
-116.4100 37.7700 0
-116.4100 37.8100 0
-116.4200 37.8600 0
-116.4400 37.8900 0
-116.4700 37.9100 0
-116.5100 37.9300 0
-116.5600 37.9300 0
-116.6400 37.9300 0
-116.7100 37.9000 0
nan nan nan
-115.2300 37.5500 0
-115.2300 37.7000 0
-115.2200 37.7300 0
-115.2000 37.7800 0
nan nan nan
-115.8400 38.1000 0
-115.8900 38.2500 0
nan nan nan
-115.8300 38.2200 0
-115.7900 38.3300 0
-115.7400 38.3700 0
-115.7100 38.4200 0
-115.6600 38.4800 0
-115.6200 38.5400 0
-115.5700 38.6200 0
-115.5600 38.7000 0
-115.5500 38.7600 0
-115.5600 38.8300 0
-115.5700 38.8800 0
-115.5900 38.9200 0
-115.6000 38.9400 0
-115.5900 38.9600 0
-115.5800 38.9800 0
-115.5700 39.0000 0
-115.5500 39.0400 0
nan nan nan
-116.1200 38.3900 0
-116.1300 38.4100 0
-116.1600 38.4500 0
-116.1800 38.4900 0
-116.1900 38.5700 0
-116.1700 38.6200 0
-116.1400 38.6700 0
-116.1000 38.7100 0
-116.0900 38.7400 0
nan nan nan
-116.3300 38.1100 0
-116.3900 38.1800 0
-116.3800 38.2400 0
-116.3800 38.3000 0
-116.3700 38.3600 0
-116.3600 38.4200 0
-116.3700 38.4800 0
-116.3600 38.5400 0
-116.3500 38.6000 0
nan nan nan
-116.4500 38.6700 0
-116.4900 38.7500 0
-116.4800 38.7900 0
-116.4800 38.8600 0
-116.4600 38.9700 0
nan nan nan
-117.3000 38.5700 0
-117.2800 38.6000 0
-117.2700 38.6400 0
-117.2700 38.6900 0
-117.2600 38.7400 0
-117.2400 38.7800 0
-117.2500 38.8200 0
-117.2700 38.8700 0
-117.3000 38.9100 0
-117.2900 38.9600 0
-117.2800 39.0200 0
-117.2600 39.0600 0
-117.2200 39.1100 0
-117.1900 39.1500 0
-117.1400 39.2000 0
-117.1400 39.2300 0
-117.1200 39.2700 0
-117.0900 39.2800 0
-117.0700 39.3100 0
-117.0600 39.3500 0
-117.0500 39.3800 0
-117.0300 39.4200 0
-116.9900 39.4600 0
-116.9500 39.5000 0
-116.9000 39.5500 0
nan nan nan
-117.5500 39.0600 0
-117.4900 39.1100 0
-117.4400 39.1900 0
-117.3700 39.2800 0
nan nan nan
-117.3100 39.2700 0
-117.3100 39.3700 0
nan nan nan
-117.6500 39.0000 0
-117.6400 39.0900 0
-117.6400 39.1200 0
-117.6300 39.1400 0
-117.6200 39.1700 0
-117.6100 39.1900 0
-117.6100 39.2300 0
-117.5800 39.2500 0
nan nan nan
-118.2800 38.8100 0
-118.2100 38.9500 0
-118.2000 38.9800 0
-118.1800 39.0200 0
nan nan nan
-118.2600 38.8700 0
-118.2300 38.9100 0
-118.2100 38.9500 0
-118.2000 39.0200 0
nan nan nan
-118.1600 39.0400 0
-118.1800 39.1600 0
-118.1500 39.2200 0
-118.1400 39.2700 0
-118.1300 39.3800 0
nan nan nan
-118.2000 39.0400 0
-118.2500 39.1200 0
-118.2400 39.1600 0
-118.2300 39.2000 0
-118.2200 39.2400 0
-118.2000 39.2800 0
nan nan nan
-118.6200 38.2800 0
-118.6400 38.3700 0
-118.6200 38.4200 0
-118.6200 38.4500 0
-118.6300 38.4800 0
-118.6600 38.5200 0
-118.6900 38.5700 0
-118.7200 38.6000 0
-118.7600 38.6500 0
-118.8000 38.7100 0
-118.7900 38.7700 0
-118.8000 38.8200 0
-118.8200 38.9000 0
-118.8600 38.9600 0
-118.9000 38.9900 0
nan nan nan
-119.2700 38.5800 0
-119.2900 38.6800 0
-119.3300 38.7300 0
-119.3700 38.7700 0
-119.4100 38.7900 0
-119.4200 38.8300 0
-119.4100 38.8700 0
-119.4100 38.9100 0
-119.4000 38.9600 0
-119.4000 38.9900 0
nan nan nan
-118.7200 38.9600 0
-118.7800 39.0200 0
-118.8200 39.0600 0
-118.8800 39.0800 0
-118.9100 39.1000 0
-118.9300 39.1400 0
-118.9700 39.1700 0
-119.0100 39.1800 0
-119.0500 39.1800 0
-119.0800 39.1900 0
-119.1000 39.2000 0
-119.1400 39.2100 0
-119.1700 39.2100 0
-119.2000 39.2000 0
nan nan nan
-118.2000 39.5600 0
-118.1900 39.5900 0
-118.1900 39.6900 0
-118.1900 39.7100 0
-118.1800 39.7500 0
nan nan nan
-118.2900 39.5500 0
-118.3200 39.6200 0
-118.3200 39.6500 0
-118.2900 39.7000 0
-118.2900 39.7300 0
-118.2800 39.7500 0
nan nan nan
-118.3300 39.6600 0
-118.2700 39.7600 0
-118.2600 39.7800 0
-118.2500 39.8200 0
-118.2300 39.8300 0
-118.2200 39.8600 0
-118.2000 39.8900 0
-118.2000 39.9000 0
nan nan nan
-119.5800 39.6400 0
-119.5800 39.7400 0
-119.6400 39.7900 0
-119.7200 39.8400 0
-119.8000 39.9000 0
-119.8600 39.9600 0
nan nan nan
-118.0400 39.9000 0
-118.0100 39.9400 0
-117.9900 39.9700 0
-117.9700 39.9800 0
-117.9500 39.9800 0
-117.8800 40.0100 0
-117.8800 40.0100 0
nan nan nan
-116.4700 39.1300 0
-116.4200 39.2900 0
-116.4100 39.3500 0
-116.4400 39.4600 0
-116.4600 39.5400 0
nan nan nan
-116.3100 39.1100 0
-116.3700 39.1900 0
-116.3600 39.2500 0
-116.3300 39.3000 0
-116.2600 39.3500 0
-116.2100 39.3900 0
-116.2000 39.4500 0
-116.2300 39.5200 0
-116.2400 39.5700 0
-116.2300 39.6100 0
-116.2200 39.6100 0
-116.2000 39.6100 0
-116.1700 39.6000 0
-116.1600 39.5900 0
-116.1500 39.5900 0
-116.1400 39.5900 0
-116.1200 39.6000 0
-116.1400 39.6100 0
-116.1400 39.6200 0
-116.1600 39.6400 0
nan nan nan
-115.9300 39.5700 0
-115.9200 39.8700 0
-115.9200 39.8700 0
-115.9100 39.9100 0
-115.9100 39.9000 0
-115.9100 39.9600 0
-115.9200 40.0300 0
-115.9300 40.0800 0
-115.8900 40.1400 0
-115.8900 40.1500 0
nan nan nan
-115.3500 39.5500 0
-115.4000 39.6600 0
-115.4000 39.7100 0
-115.3900 39.7600 0
-115.3800 39.8200 0
-115.3500 39.8900 0
-115.3500 39.8900 0
-115.3500 39.8900 0
nan nan nan
-114.4300 34.9000 0
-114.4400 34.9300 0
nan nan nan
-114.4600 35.0900 0
-114.4500 35.1200 0
-114.4600 35.1500 0
-114.4400 35.1600 0
-114.4500 35.1800 0
-114.4700 35.2000 0
nan nan nan
-114.1900 34.8200 0
-114.0900 34.8600 0
-114.1500 34.9500 0
-114.2000 35.0400 0
-114.2200 35.0800 0
-114.2300 35.1300 0
-114.2900 35.2400 0
nan nan nan
-114.0900 34.9300 0
-114.1000 34.9500 0
-114.0800 34.9700 0
-114.0600 35.0400 0
-114.0600 35.0700 0
-114.0600 35.1000 0
-114.1000 35.1300 0
nan nan nan
-114.5700 35.1900 0
-114.5700 35.2300 0
-114.5900 35.2800 0
nan nan nan
-114.4700 35.3300 0
-114.4900 35.3600 0
-114.4800 35.4000 0
-114.5300 35.4500 0
-114.5500 35.5000 0
nan nan nan
-114.3500 35.4600 0
-114.4400 35.5500 0
nan nan nan
-114.3800 35.5100 0
-114.3900 35.5600 0
-114.4000 35.6000 0
-114.4400 35.6300 0
-114.4600 35.6700 0
-114.4500 35.6900 0
-114.4500 35.7300 0
-114.4600 35.7600 0
nan nan nan
-114.4100 35.5700 0
-114.3800 35.6800 0
-114.3800 35.7300 0
-114.3600 35.7800 0
nan nan nan
-114.1600 35.2000 0
-114.1800 35.2400 0
-114.1900 35.3300 0
-114.2000 35.3600 0
-114.2700 35.4400 0
-114.2700 35.4700 0
-114.2600 35.5000 0
-114.2200 35.5600 0
nan nan nan
-113.9300 35.4500 0
-113.9600 35.5100 0
-113.9900 35.5500 0
-114.0200 35.5700 0
-114.0400 35.5900 0
-114.0400 35.6700 0
-114.0700 35.7100 0
nan nan nan
-113.8200 35.4600 0
-113.8400 35.4200 0
-113.8100 35.2800 0
-113.7500 35.1600 0
-113.7200 35.0300 0
-113.6900 34.9300 0
-113.6800 34.8700 0
-113.6600 34.8100 0
-113.6200 34.7600 0
-113.5700 34.7200 0
-113.5500 34.6900 0
-113.5000 34.6600 0
-113.5400 34.8100 0
-113.5700 34.9100 0
-113.6300 35.0400 0
-113.6300 35.0800 0
-113.6200 35.1100 0
-113.6200 35.1300 0
-113.6100 35.1700 0
-113.5700 35.2000 0
-113.5500 35.2300 0
-113.5500 35.2600 0
-113.5700 35.2900 0
-113.5700 35.3000 0
-113.6100 35.3400 0
-113.6800 35.3700 0
-113.7100 35.4400 0
-113.7400 35.4900 0
-113.8200 35.5600 0
-113.8800 35.6200 0
-113.9500 35.7100 0
-114.0000 35.7800 0
-114.0400 35.8000 0
-114.0600 35.8300 0
-114.0500 35.8900 0
-113.9900 35.9900 0
nan nan nan
-112.4100 35.0700 0
-112.5200 35.2000 0
nan nan nan
-111.9100 35.0200 0
-111.8800 35.2500 0
-111.8600 35.2800 0
-111.8600 35.3300 0
-111.8700 35.3900 0
nan nan nan
-111.8900 35.1200 0
-111.9100 35.1500 0
nan nan nan
-111.6800 34.9900 0
-111.7100 35.0600 0
-111.7000 35.1200 0
-111.6900 35.1900 0
-111.6800 35.2300 0
-111.6900 35.2600 0
nan nan nan
-111.6200 35.1100 0
-111.5800 35.2900 0
nan nan nan
-111.8300 35.6600 0
-111.7200 35.7600 0
-111.7100 35.7700 0
-111.6200 35.8900 0
nan nan nan
-112.9700 35.4300 0
-113.0500 35.5600 0
-113.0500 35.6200 0
-113.0100 35.7000 0
-113.0000 35.7800 0
-113.0000 35.8500 0
-113.0400 35.9200 0
-113.0600 36.0000 0
nan nan nan
-113.2000 35.8300 0
-113.0200 36.0800 0
-113.0200 36.1300 0
-113.0100 36.2400 0
-113.0100 36.3200 0
-112.9900 36.4300 0
-112.9600 36.4900 0
-112.9300 36.5300 0
-112.8900 36.5700 0
-112.8200 36.6100 0
-112.7700 36.6600 0
-112.7300 36.7400 0
-112.6900 36.8700 0
-112.6500 36.9300 0
nan nan nan
-112.9800 36.5400 0
-112.8900 36.6700 0
nan nan nan
-113.4700 35.5700 0
-113.2600 35.8500 0
-113.2600 35.8500 0
-113.1900 35.9800 0
-113.1700 36.0500 0
-113.1600 36.1400 0
-113.1600 36.2000 0
-113.1500 36.3000 0
-113.1600 36.3300 0
-113.1700 36.3700 0
-113.2100 36.4100 0
-113.2700 36.4600 0
-113.2900 36.5000 0
-113.2800 36.5600 0
-113.2700 36.6000 0
-113.2500 36.6500 0
-113.2100 36.7000 0
-113.2100 36.7500 0
-113.2400 36.8000 0
-113.2800 36.8700 0
-113.3100 36.9000 0
-113.2700 36.9600 0
-113.2700 37.0200 0
-113.2300 37.0700 0
-113.2300 37.1200 0
-113.2300 37.2900 0
nan nan nan
-113.3300 35.8200 0
-113.2500 35.9600 0
-113.2400 36.0400 0
-113.2500 36.1400 0
nan nan nan
-113.2600 36.1600 0
-113.3200 36.3500 0
nan nan nan
-113.3900 36.9800 0
-113.2200 37.1000 0
nan nan nan
-113.6000 35.9000 0
-113.5000 36.0900 0
-113.4600 36.2000 0
-113.4600 36.2600 0
-113.4400 36.3200 0
-113.4100 36.3500 0
-113.4000 36.3800 0
-113.4000 36.4300 0
-113.4000 36.4900 0
-113.3600 36.5400 0
-113.3600 36.5700 0
-113.3800 36.6300 0
-113.4400 36.7900 0
nan nan nan
-113.6700 35.9900 0
-113.6300 36.0800 0
-113.6000 36.1300 0
-113.5700 36.1800 0
nan nan nan
-113.4800 36.7500 0
-113.5200 36.8900 0
-113.5200 36.8900 0
-113.5100 36.9200 0
-113.4700 36.9700 0
-113.4400 37.0300 0
-113.4200 37.0600 0
-113.4300 37.1100 0
-113.4500 37.1600 0
-113.4800 37.1900 0
-113.4800 37.2600 0
nan nan nan
-113.8200 36.4800 0
-113.7000 36.8200 0
-113.7000 36.8700 0
-113.7200 36.9300 0
-113.7200 37.0200 0
-113.7100 37.0700 0
-113.7100 37.1100 0
-113.6800 37.1500 0
nan nan nan
-113.9900 36.6500 0
-113.8700 36.8300 0
-113.8700 36.8500 0
-113.8400 36.8700 0
-113.7800 36.9500 0
-113.7400 37.0000 0
nan nan nan
-113.9700 36.7400 0
-113.8600 36.7900 0
-113.7800 36.8300 0
nan nan nan
-113.7700 37.2000 0
-113.6900 37.2500 0
-113.7200 37.2700 0
-113.6800 37.3900 0
-113.6300 37.5000 0
-113.5600 37.6000 0
-113.4600 37.7600 0
-113.4200 37.8100 0
nan nan nan
-113.3900 37.2600 0
-113.3600 37.3000 0
-113.2900 37.3800 0
-113.2300 37.4800 0
nan nan nan
-113.2700 37.2800 0
-113.2200 37.4200 0
-113.2200 37.4600 0
-113.2000 37.5000 0
-113.1500 37.6100 0
-113.1300 37.6300 0
-113.0900 37.6400 0
-113.0400 37.6900 0
nan nan nan
-113.0400 37.6200 0
-112.9700 37.6900 0
nan nan nan
-114.9600 36.9400 0
-114.7800 37.0500 0
-114.7200 37.1300 0
-114.6600 37.2000 0
-114.5600 37.2900 0
nan nan nan
-112.7300 37.0700 0
-112.6400 37.1600 0
nan nan nan
-115.0300 37.3100 0
-115.0000 37.3600 0
-115.0100 37.4100 0
-115.0300 37.4800 0
-115.0200 37.5300 0
-115.0100 37.5600 0
-114.9800 37.6400 0
nan nan nan
-114.9900 37.5800 0
-114.9000 37.6300 0
-114.8900 37.6700 0
-114.9000 37.8000 0
-114.9200 37.8700 0
-114.9100 37.9400 0
-114.9000 38.0000 0
nan nan nan
-112.8100 37.7700 0
-112.6600 37.9000 0
nan nan nan
-112.8500 37.8100 0
-112.7100 37.9200 0
-112.6200 38.0300 0
nan nan nan
-112.8600 37.8700 0
-112.6900 37.9500 0
nan nan nan
-112.7000 37.8200 0
-112.6000 37.8900 0
-112.5000 37.9700 0
-112.4300 38.0000 0
-112.3700 38.0600 0
-112.2900 38.1600 0
nan nan nan
-112.3700 37.7100 0
-112.2900 37.7900 0
-112.2800 37.8600 0
-112.2700 37.9300 0
-112.2900 37.9900 0
-112.2700 38.0600 0
nan nan nan
-112.1900 37.6700 0
-112.1100 37.7700 0
-112.0400 37.8600 0
-112.0100 37.9100 0
-111.9800 37.9900 0
-111.9700 38.1000 0
nan nan nan
-113.6900 38.2300 0
-113.6300 38.2900 0
-113.6300 38.3300 0
-113.6200 38.4000 0
-113.6000 38.4500 0
-113.5900 38.5200 0
-113.6000 38.6100 0
-113.6100 38.7100 0
-113.5900 38.7900 0
nan nan nan
-113.4000 38.3200 0
-113.3000 38.3900 0
-113.2900 38.4300 0
-113.2900 38.4800 0
-113.3000 38.5100 0
-113.2900 38.5600 0
-113.2300 38.6400 0
-113.2000 38.6900 0
nan nan nan
-114.5100 38.4200 0
-114.4700 38.4800 0
-114.4700 38.5200 0
-114.4700 38.5600 0
-114.4700 38.6300 0
nan nan nan
-114.8300 38.4900 0
-114.7700 38.6600 0
nan nan nan
-113.1200 38.7100 0
-112.9400 39.0000 0
nan nan nan
-114.3600 38.6500 0
-114.3000 38.7700 0
-114.3300 38.8600 0
nan nan nan
-114.4000 38.7000 0
-114.3700 38.8100 0
-114.3600 38.9300 0
-114.3600 39.0100 0
-114.4100 39.0700 0
-114.4100 39.1000 0
-114.4200 39.1300 0
-114.4100 39.1600 0
-114.4100 39.1800 0
-114.3900 39.1900 0
-114.3600 39.1700 0
nan nan nan
-115.0900 38.6600 0
-114.9500 38.8400 0
-114.9200 38.9100 0
-114.9300 38.9500 0
-114.9400 39.0100 0
-114.9500 39.0500 0
nan nan nan
-114.9500 39.3100 0
-114.9800 39.5100 0
-114.9900 39.5700 0
-115.0200 39.6300 0
-114.9900 39.7100 0
-114.9700 39.7600 0
nan nan nan
-114.8500 39.1700 0
-114.7600 39.4300 0
nan nan nan
-114.8500 39.4000 0
-114.7600 39.4400 0
-114.6900 39.5000 0
-114.6400 39.5700 0
-114.6200 39.6300 0
nan nan nan
-114.6900 39.4600 0
-114.5700 39.5700 0
-114.5500 39.6700 0
nan nan nan
-114.5100 39.1500 0
-114.5200 39.6600 0
nan nan nan
-114.5500 39.2500 0
-114.5400 39.1600 0
nan nan nan
-114.2400 39.0600 0
-114.1900 39.1400 0
-114.1900 39.1700 0
-114.1600 39.1800 0
-114.1000 39.1800 0
-114.0600 39.1900 0
-114.0300 39.2100 0
-114.0300 39.2400 0
-114.0300 39.2800 0
-114.0600 39.3100 0
-114.0700 39.3500 0
-114.0800 39.4100 0
-114.1100 39.4500 0
nan nan nan
-114.0100 39.5200 0
-114.0700 39.5900 0
-114.1000 39.6400 0
-114.1400 39.6600 0
-114.2300 39.6800 0
-114.2700 39.7100 0
nan nan nan
-114.0400 39.5700 0
-114.0100 39.6400 0
-114.0600 39.6700 0
-114.0900 39.7000 0
-114.1500 39.7200 0
-114.2500 39.7600 0
nan nan nan
-113.9200 39.6900 0
-113.9400 39.7000 0
-114.0100 39.7000 0
-114.1000 39.7100 0
nan nan nan
-114.4600 39.7900 0
-114.2900 39.9500 0
nan nan nan
-113.4800 39.1500 0
-113.4100 39.2400 0
-113.3900 39.3100 0
-113.3500 39.3800 0
-113.3300 39.4300 0
-113.3100 39.5200 0
-113.3000 39.5600 0
-113.3300 39.6200 0
-113.3600 39.6800 0
-113.3500 39.7200 0
-113.3700 39.7400 0
-113.3800 39.7500 0
-113.3700 39.7800 0
-113.3700 39.8100 0
-113.3700 39.8400 0
-113.3900 39.8700 0
-113.3800 39.9300 0
nan nan nan
-112.1000 38.8700 0
-111.9500 39.0300 0
nan nan nan
-111.9300 39.1400 0
-111.9400 39.2800 0
nan nan nan
-111.6900 38.9700 0
-111.6400 39.0900 0
nan nan nan
-111.6900 38.8500 0
-111.6000 38.9600 0
-111.6000 39.0400 0
-111.5800 39.0900 0
-111.5600 39.1600 0
-111.5300 39.2500 0
-111.5000 39.3300 0
-111.4600 39.3900 0
nan nan nan
-111.6800 39.1400 0
-111.5700 39.3500 0
nan nan nan
-111.6000 38.9300 0
-111.5500 39.1100 0
nan nan nan
-111.4900 38.9000 0
-111.5100 39.1000 0
nan nan nan
-111.6000 38.1200 0
-111.5200 38.2100 0
-111.4900 38.2800 0
-111.4900 38.3300 0
-111.5000 38.4000 0
-111.5100 38.4600 0
-111.5100 38.5200 0
-111.4900 38.5700 0
-111.4800 38.6600 0
-111.4400 38.7400 0
-111.4200 38.8000 0
nan nan nan
-111.4000 38.3000 0
-111.5000 38.3500 0
nan nan nan
-111.3700 38.3300 0
-111.5100 38.4400 0
nan nan nan
-111.5600 38.5300 0
-111.4800 38.6500 0
-111.4700 38.6900 0
-111.4700 38.7500 0
-111.5100 38.8000 0
-111.5800 38.9200 0
nan nan nan
-111.4100 38.8800 0
-111.2400 39.1000 0
nan nan nan
-111.3500 38.8500 0
-111.2400 39.0200 0
-111.1900 39.1100 0
nan nan nan
-111.3200 39.1200 0
-111.2800 39.2200 0
-111.2800 39.2800 0
-111.2600 39.3700 0
-111.2600 39.4300 0
-111.2700 39.4900 0
nan nan nan
-111.2600 39.1300 0
-111.2300 39.2100 0
-111.2500 39.2400 0
-111.2700 39.3200 0
-111.2500 39.3800 0
-111.2100 39.5000 0
nan nan nan
-111.4500 39.4900 0
-111.3700 39.6300 0
nan nan nan
-111.3800 39.6300 0
-111.2800 39.8500 0
nan nan nan
-111.3100 39.5500 0
-111.2500 39.6300 0
nan nan nan
-111.2400 39.5500 0
-111.2000 39.6600 0
nan nan nan
-111.1800 39.6000 0
-111.1400 39.7000 0
-111.1500 39.7900 0
-111.1500 39.8600 0
-111.1600 39.9300 0
-111.1800 39.9700 0
nan nan nan
-112.0600 36.6000 0
-111.9500 36.6400 0
nan nan nan
-108.9100 34.9300 0
-109.0400 35.1200 0
nan nan nan
-107.9200 35.0100 0
-107.9600 35.1200 0
-108.0000 35.2100 0
-108.0600 35.3100 0
-108.1100 35.4000 0
-108.1300 35.4900 0
-108.1400 35.5500 0
-108.1300 35.6000 0
nan nan nan
-108.0900 35.0900 0
-108.0300 35.2300 0
nan nan nan
-108.1000 35.1200 0
-108.2900 35.2800 0
nan nan nan
-107.1500 35.0200 0
-107.1700 35.2800 0
nan nan nan
-107.0700 35.2300 0
-107.0100 35.4000 0
-106.9900 35.4800 0
-106.9100 35.5400 0
nan nan nan
-107.1200 35.3500 0
-107.0500 35.4700 0
nan nan nan
-106.8800 35.5900 0
-106.9100 35.8400 0
-106.8800 36.0100 0
-106.9200 36.1200 0
nan nan nan
-106.7800 35.6500 0
-106.7700 35.7500 0
-106.8000 35.7900 0
-106.7800 35.8200 0
nan nan nan
-106.3000 35.2300 0
-106.2200 35.4000 0
nan nan nan
-106.2600 35.5000 0
-106.2700 35.6700 0
-106.3600 35.7700 0
nan nan nan
-106.4500 35.6600 0
-106.4400 35.7700 0
-106.3900 35.8200 0
-106.3800 35.8400 0
-106.3800 35.8600 0
nan nan nan
-106.3600 35.8400 0
-106.3900 35.9200 0
-106.3700 35.9700 0
nan nan nan
-106.2800 35.9700 0
-106.2500 36.1100 0
nan nan nan
-106.3100 36.0700 0
-106.3100 36.1900 0
nan nan nan
-105.9200 35.9700 0
-105.9500 36.1100 0
nan nan nan
-106.8500 36.1500 0
-106.9000 36.2700 0
nan nan nan
-106.9300 36.1800 0
-106.9000 36.2900 0
-106.8300 36.3900 0
-106.8200 36.3900 0
-106.8000 36.5000 0
-106.7600 36.5900 0
-106.7500 36.6800 0
-106.7200 36.7600 0
nan nan nan
-107.0300 37.2300 0
-107.1700 37.4300 0
nan nan nan
-107.4800 37.5300 0
-107.4700 37.5700 0
-107.4800 37.5300 0
-107.4800 37.5000 0
-107.4900 37.4700 0
-107.4700 37.4600 0
-107.4600 37.4700 0
-107.4200 37.4900 0
-107.3800 37.5100 0
-107.3200 37.5200 0
-107.3000 37.5800 0
-107.2800 37.6000 0
-107.2200 37.6100 0
-107.1900 37.6400 0
-107.1700 37.6700 0
-107.1600 37.7000 0
-107.1400 37.7300 0
nan nan nan
-107.1900 37.6000 0
-107.1400 37.6400 0
-107.1000 37.5700 0
-107.0800 37.5200 0
-107.0500 37.4800 0
nan nan nan
-107.1900 37.6100 0
-107.0900 37.6300 0
-107.0000 37.5800 0
nan nan nan
-108.6700 37.4700 0
-108.4200 37.6400 0
nan nan nan
-109.7700 37.8700 0
-109.5800 37.9500 0
-109.3700 38.0400 0
nan nan nan
-110.1100 38.0500 0
-109.9900 38.0700 0
-109.9400 38.0800 0
-109.9000 38.1000 0
-109.8200 38.1100 0
nan nan nan
-109.1000 38.0600 0
-109.1500 38.1900 0
-109.3100 38.2800 0
-109.3100 38.3100 0
nan nan nan
-108.8700 38.2700 0
-108.8600 38.3300 0
-108.9400 38.3800 0
-108.9900 38.4100 0
-109.0300 38.4500 0
nan nan nan
-108.7300 38.2300 0
-108.7700 38.3400 0
-108.8800 38.3900 0
-108.8900 38.3900 0
-109.0000 38.4600 0
nan nan nan
-107.9500 38.2200 0
-107.6600 38.2900 0
nan nan nan
-107.2100 38.3400 0
-107.2100 38.4100 0
-107.3800 38.4600 0
-107.5500 38.5000 0
-107.6700 38.5500 0
-107.7500 38.6000 0
-107.8600 38.7200 0
nan nan nan
-108.3500 38.2800 0
-108.3200 38.3700 0
-108.3200 38.3800 0
-108.2600 38.3600 0
nan nan nan
-108.4400 38.3100 0
-108.5400 38.4400 0
nan nan nan
-108.3400 38.3900 0
-108.4300 38.4900 0
-108.5400 38.4900 0
-108.6000 38.5100 0
-108.6400 38.5500 0
-108.7000 38.5500 0
nan nan nan
-108.7700 38.5200 0
-108.8000 38.7100 0
-108.9200 38.8100 0
-108.9200 38.8100 0
-108.9800 38.8300 0
-109.0300 38.9000 0
nan nan nan
-109.2600 38.8700 0
-108.9200 38.8900 0
nan nan nan
-108.9500 38.8900 0
-109.2000 38.9900 0
nan nan nan
-109.5300 38.9400 0
-109.6200 39.1200 0
nan nan nan
-106.2000 36.4500 0
-106.2000 36.6700 0
nan nan nan
-106.1000 36.3600 0
-106.0400 36.5900 0
-106.0400 36.6300 0
-106.0800 36.6700 0
-106.1300 36.7100 0
-106.1300 36.7100 0
nan nan nan
-105.9000 35.6000 0
-105.9400 35.7800 0
-105.9000 35.8800 0
nan nan nan
-105.8900 35.8500 0
-105.9200 36.0000 0
nan nan nan
-105.9000 35.9800 0
-105.9000 36.1200 0
nan nan nan
-105.7000 35.7800 0
-105.7200 35.8800 0
-105.7000 35.9500 0
-105.6600 36.0400 0
-105.5900 36.1400 0
-105.5800 36.1900 0
-105.6000 36.2600 0
-105.6100 36.3200 0
-105.6200 36.4100 0
-105.6300 36.4500 0
-105.6500 36.4600 0
-105.7400 36.4000 0
-105.9200 36.3100 0
nan nan nan
-105.5300 35.7100 0
-105.5200 35.8300 0
-105.4900 35.9000 0
-105.4800 35.9700 0
-105.5000 35.9800 0
-105.4800 36.0400 0
-105.4600 36.1000 0
-105.4400 36.1400 0
-105.4900 36.1600 0
-105.5000 36.2000 0
-105.5500 36.2300 0
-105.6100 36.2500 0
nan nan nan
-105.4800 35.7200 0
-105.4300 35.8300 0
-105.4000 35.8800 0
-105.3900 35.9200 0
-105.4000 35.9600 0
-105.3600 36.0100 0
-105.3100 36.0500 0
-105.2900 36.0800 0
-105.3000 36.1100 0
-105.2700 36.1500 0
-105.2600 36.1700 0
-105.2500 36.2100 0
-105.2400 36.2600 0
-105.2100 36.2900 0
nan nan nan
-105.2400 35.9500 0
-105.2800 36.0500 0
-105.2500 36.0700 0
-105.2500 36.1300 0
-105.2200 36.1500 0
-105.2200 36.1900 0
-105.2000 36.2600 0
nan nan nan
-105.3000 36.1500 0
-105.3800 36.3400 0
nan nan nan
-105.2500 36.2400 0
-105.4100 36.4500 0
nan nan nan
-105.2900 36.4000 0
-105.2900 36.4800 0
-105.3100 36.5100 0
-105.2900 36.5600 0
-105.2900 36.6000 0
-105.3000 36.6300 0
-105.3500 36.6600 0
-105.3700 36.7100 0
-105.3600 36.7800 0
nan nan nan
-105.6400 36.6700 0
-105.6300 36.7800 0
-105.6200 36.8700 0
-105.6000 36.9800 0
-105.5700 37.1300 0
-105.5500 37.2600 0
-105.5300 37.3700 0
-105.5300 37.4200 0
-105.5100 37.4700 0
-105.4600 37.5300 0
nan nan nan
-106.0900 37.1300 0
-105.8900 37.3600 0
-105.7900 37.4800 0
-105.6400 37.6500 0
nan nan nan
-105.3400 37.0900 0
-105.3200 37.2100 0
-105.2900 37.3000 0
-105.2800 37.3600 0
-105.2900 37.4200 0
-105.3000 37.4400 0
-105.3100 37.4700 0
-105.3900 37.5500 0
-105.4200 37.6000 0
-105.4600 37.6200 0
-105.5200 37.6400 0
-105.5900 37.6500 0
-105.6300 37.6700 0
-105.6100 37.7300 0
-105.6000 37.7600 0
-105.6000 37.8200 0
-105.6200 37.8800 0
-105.6700 37.9500 0
-105.7300 38.0300 0
-105.8100 38.1400 0
-105.8900 38.2400 0
nan nan nan
-105.2300 37.0800 0
-105.2300 37.2000 0
-105.2200 37.2700 0
-105.2000 37.3500 0
-105.2200 37.4400 0
-105.2300 37.5200 0
-105.2600 37.6000 0
-105.3000 37.6800 0
-105.3400 37.7500 0
-105.3700 37.8200 0
-105.3900 37.8300 0
-105.4200 37.8200 0
-105.4400 37.7800 0
-105.4700 37.8200 0
-105.4800 37.8900 0
-105.5200 37.9800 0
nan nan nan
-105.2500 37.5000 0
-105.2600 37.6400 0
-105.3700 37.8600 0
nan nan nan
-105.9400 38.3100 0
-106.0000 38.3300 0
-106.0600 38.3700 0
-106.0900 38.4200 0
nan nan nan
-106.5300 38.5300 0
-106.5400 38.6600 0
-106.5700 38.7000 0
-106.5900 38.7600 0
nan nan nan
-106.5900 38.6100 0
-106.6200 38.7200 0
-106.6300 38.7800 0
-106.6500 38.7800 0
-106.6500 38.7600 0
-106.6400 38.6700 0
nan nan nan
-106.8500 38.8000 0
-106.8500 38.9600 0
nan nan nan
-106.4900 38.7300 0
-106.5400 38.9500 0
nan nan nan
-105.9600 38.8200 0
-105.9800 38.9600 0
-106.0200 39.0200 0
nan nan nan
-105.9400 38.3400 0
-105.9700 38.4700 0
-106.0200 38.5500 0
-106.1000 38.6100 0
-106.1500 38.6500 0
-106.1800 38.7100 0
-106.2300 38.8500 0
-106.2800 39.0300 0
nan nan nan
-105.7000 38.3200 0
-105.7500 38.4300 0
-105.8000 38.5000 0
-105.8500 38.6000 0
-105.9100 38.8200 0
nan nan nan
-105.7300 38.3400 0
-105.7500 38.6900 0
nan nan nan
-105.3300 38.2400 0
-105.4000 38.4000 0
nan nan nan
-106.8700 39.1600 0
-106.8800 39.2600 0
-106.8800 39.2800 0
-106.8900 39.3200 0
-106.9000 39.3500 0
-106.8700 39.4000 0
-106.8900 39.3800 0
-106.9500 39.4100 0
-107.0100 39.4300 0
-107.0800 39.4500 0
-107.1500 39.4700 0
nan nan nan
-106.9500 39.3000 0
-106.8100 39.3900 0
nan nan nan
-107.2100 39.3300 0
-107.1400 39.5100 0
-107.1000 39.5800 0
-107.0500 39.6600 0
-106.9900 39.6800 0
-106.9700 39.6800 0
-106.9100 39.6700 0
-106.8700 39.6700 0
-106.8100 39.6800 0
-106.7800 39.6700 0
nan nan nan
-106.7400 39.5000 0
-106.8400 39.6500 0
nan nan nan
-106.9700 39.2200 0
-107.1000 39.4200 0
nan nan nan
-106.9400 39.3200 0
-107.0000 39.4000 0
-107.1600 39.4400 0
nan nan nan
-106.3300 39.3400 0
-106.2800 39.5800 0
nan nan nan
-106.6700 39.5900 0
-106.6500 39.7500 0
nan nan nan
-106.5800 39.5900 0
-106.5400 39.6900 0
nan nan nan
-106.4800 39.6600 0
-106.4600 39.7500 0
nan nan nan
-106.4600 39.6700 0
-106.5200 39.7600 0
nan nan nan
-106.3800 39.7100 0
-106.1900 39.6300 0
nan nan nan
-106.1700 39.0900 0
-106.2000 39.2100 0
-106.2200 39.2700 0
-106.2400 39.3400 0
-106.2400 39.4100 0
-106.2200 39.4800 0
-106.2000 39.5600 0
-106.1800 39.6300 0
-106.1700 39.6800 0
-106.1700 39.7200 0
-106.2000 39.7700 0
-106.2300 39.8100 0
-106.2800 39.8600 0
-106.3100 39.8900 0
nan nan nan
-106.1200 39.4400 0
-106.2200 39.5700 0
-106.2300 39.6100 0
-106.2400 39.6500 0
-106.2400 39.6500 0
nan nan nan
-106.1000 39.1900 0
-106.2500 39.4300 0
nan nan nan
-105.8500 39.0800 0
-105.9800 39.4500 0
nan nan nan
-106.0100 39.3400 0
-106.0100 39.4500 0
-106.0100 39.4800 0
-106.0000 39.5200 0
-106.0200 39.5400 0
-106.0600 39.6100 0
nan nan nan
-106.1300 39.5900 0
-106.1200 39.7000 0
nan nan nan
-106.1600 39.6700 0
-106.1100 39.7400 0
nan nan nan
-105.9000 39.7800 0
-105.8600 39.8500 0
-105.8200 39.8900 0
-105.7700 39.9400 0
-105.7500 39.9800 0
-105.7100 40.0600 0
-105.7900 40.0100 0
nan nan nan
-105.5600 39.6800 0
-105.6000 39.7700 0
-105.6300 39.7700 0
-105.6800 39.8100 0
nan nan nan
-105.4400 39.7000 0
-105.5300 39.7700 0
-105.5800 39.8000 0
nan nan nan
-105.3900 39.7100 0
-105.4800 39.8800 0
-105.6000 39.9000 0
nan nan nan
-105.1600 39.7800 0
-105.2500 39.8500 0
-105.2800 39.8900 0
-105.3100 39.9400 0
-105.3100 40.0300 0
nan nan nan
-107.0200 39.3000 0
-107.0300 39.3300 0
-107.2100 39.3900 0
nan nan nan
-107.1300 39.3700 0
-106.9900 39.2400 0
nan nan nan
-105.4500 39.7000 0
-105.5300 39.7000 0
-105.5800 39.7200 0
nan nan nan
-105.6300 39.6600 0
-105.6700 39.7400 0
-105.7100 39.7700 0
nan nan nan
-105.7400 39.7000 0
-105.7000 39.7300 0
nan nan nan
-105.4000 39.6300 0
-105.4800 39.7900 0
-105.6000 39.8200 0
nan nan nan
-105.2300 39.6700 0
-105.2600 39.7900 0
-105.2800 39.8300 0
-105.3000 39.8800 0
-105.3100 39.9500 0
-105.2300 39.8100 0
-105.3500 39.8500 0
nan nan nan
-104.9800 39.7000 0
-105.0100 39.8100 0
-105.0300 39.8600 0
-105.0500 39.9000 0
-105.0600 39.9800 0
nan nan nan
-105.6600 39.7600 0
-105.5800 39.8700 0
-105.5300 39.9300 0
-105.5100 40.0000 0
-105.4900 40.0400 0
-105.5700 39.9900 0
-105.4900 40.0400 0
-105.5700 39.9900 0
-105.5700 39.9900 0
-105.4900 40.0400 0
-105.5700 39.9900 0
nan nan nan
-114.2500 32.3600 0
-114.2900 32.4000 0
-114.3300 32.4800 0
-114.3700 32.5300 0
-114.4000 32.5600 0
nan nan nan
-114.1800 32.2600 0
-114.1300 32.3100 0
-114.1600 32.3800 0
-114.1800 32.4200 0
-114.2200 32.4600 0
nan nan nan
-114.0800 32.2900 0
-114.1400 32.5000 0
-114.1900 32.5200 0
-114.2100 32.5300 0
-114.1900 32.5500 0
-114.2000 32.5700 0
-114.2200 32.5900 0
-114.2500 32.5900 0
-114.2800 32.6200 0
-114.2900 32.6500 0
-114.3300 32.7300 0
-114.3500 32.7500 0
-114.3800 32.7600 0
-114.4100 32.7700 0
nan nan nan
-114.4600 32.5900 0
-114.3900 32.6500 0
-114.4000 32.6900 0
-114.4100 32.7000 0
-114.4100 32.7200 0
-114.4300 32.7500 0
-114.4700 32.8000 0
nan nan nan
-114.0100 32.3500 0
-113.9800 32.4100 0
-114.0300 32.4800 0
-114.0200 32.4800 0
-114.0700 32.5000 0
nan nan nan
-114.1300 32.5300 0
-114.0700 32.6500 0
nan nan nan
-113.9900 32.4200 0
-113.9400 32.4800 0
-113.9400 32.5100 0
-113.9300 32.5500 0
-113.9400 32.6000 0
-113.9500 32.6500 0
-113.9700 32.6900 0
nan nan nan
-113.6600 32.1300 0
-113.6200 32.1900 0
-113.6400 32.2400 0
-113.6400 32.2400 0
-113.6600 32.2900 0
-113.6600 32.3300 0
-113.7300 32.3800 0
nan nan nan
-113.4600 32.0400 0
-113.4300 32.1000 0
-113.5000 32.1800 0
-113.5500 32.2500 0
-113.6100 32.3000 0
-113.6400 32.3600 0
-113.6700 32.4300 0
nan nan nan
-113.3900 32.0800 0
-113.3600 32.1500 0
-113.3900 32.2200 0
-113.4600 32.2800 0
-113.5300 32.3200 0
-113.6100 32.4500 0
nan nan nan
-113.7400 32.5500 0
-113.8300 32.7900 0
nan nan nan
-113.4600 32.4000 0
-113.4300 32.4700 0
-113.4900 32.5500 0
-113.5600 32.6000 0
-113.6200 32.6500 0
-113.6800 32.7200 0
-113.7500 32.8200 0
nan nan nan
-113.3600 32.1900 0
-113.2900 32.3100 0
-113.3100 32.3600 0
-113.3300 32.4300 0
-113.3500 32.4600 0
-113.3300 32.4900 0
-113.3300 32.4900 0
nan nan nan
-113.4200 32.5300 0
-113.4200 32.7100 0
nan nan nan
-113.2300 32.2900 0
-113.2400 32.3400 0
-113.2500 32.3900 0
-113.2700 32.4600 0
-113.2900 32.5000 0
nan nan nan
-112.7000 31.8400 0
-112.6500 31.9100 0
-112.7000 31.9500 0
-112.7500 31.9800 0
-112.8100 32.0000 0
-112.8600 32.0200 0
-112.9200 32.0600 0
-112.9200 32.0700 0
-112.9300 32.1000 0
-112.9300 32.1100 0
-112.9400 32.1700 0
nan nan nan
-113.0700 32.1200 0
-113.0100 32.2200 0
-113.0400 32.2700 0
-113.0600 32.3400 0
-113.0900 32.4000 0
-113.1300 32.4500 0
-113.1900 32.5300 0
nan nan nan
-112.8500 32.0200 0
-112.7900 32.0500 0
-112.8200 32.0800 0
-112.8700 32.1300 0
-112.8800 32.1900 0
-112.8800 32.2200 0
-112.8800 32.2700 0
nan nan nan
-112.6800 31.9700 0
-112.6200 32.0000 0
-112.6700 32.0700 0
-112.6900 32.1400 0
nan nan nan
-111.7500 31.5300 0
-111.6800 31.5900 0
-111.6900 31.6300 0
-111.6900 31.6300 0
-111.7000 31.6800 0
-111.6800 31.7100 0
-111.6900 31.7600 0
nan nan nan
-111.5900 31.5000 0
-111.5500 31.5600 0
-111.5500 31.6000 0
-111.5500 31.6000 0
-111.5400 31.6900 0
-111.5300 31.7300 0
-111.5200 31.7700 0
-111.5000 31.8000 0
-111.4600 31.8400 0
-111.4700 31.8800 0
nan nan nan
-111.0200 31.5300 0
-110.9600 31.6600 0
nan nan nan
-111.0400 31.7400 0
-110.9900 31.7800 0
-110.9100 31.8400 0
-110.8800 31.8700 0
-110.8600 31.9300 0
-110.8400 31.9600 0
-110.7800 32.0200 0
-110.7800 32.0200 0
-110.7600 32.0300 0
-110.7600 32.0300 0
-110.7400 32.0400 0
-110.7400 32.0400 0
nan nan nan
-111.6000 32.0100 0
-111.5000 32.1000 0
-111.4900 32.1400 0
-111.4800 32.1700 0
-111.4700 32.2000 0
-111.4700 32.2400 0
-111.4900 32.2800 0
-111.5000 32.2900 0
-111.5200 32.3200 0
-111.5400 32.3600 0
-111.5400 32.3600 0
-111.5500 32.4100 0
-111.5500 32.4100 0
-111.5600 32.4300 0
nan nan nan
-111.5800 32.5200 0
-111.5200 32.5700 0
-111.5200 32.6100 0
-111.5100 32.6500 0
-111.5000 32.6800 0
-111.4800 32.7000 0
-111.4500 32.7400 0
-111.4400 32.8100 0
-111.4300 32.8600 0
-111.4300 32.9200 0
nan nan nan
-110.4700 32.1000 0
-110.3900 32.1700 0
-110.3800 32.2000 0
-110.3700 32.2300 0
-110.3800 32.2600 0
-110.4000 32.3100 0
-110.4100 32.3400 0
-110.4400 32.3700 0
-110.4700 32.4000 0
-110.5300 32.4300 0
nan nan nan
-110.3600 32.1300 0
-110.3100 32.3000 0
-110.3200 32.3400 0
-110.3500 32.3500 0
-110.3800 32.3800 0
-110.4100 32.4100 0
-110.4200 32.4300 0
-110.4300 32.4600 0
-110.4300 32.4900 0
-110.4500 32.5200 0
-110.4500 32.5600 0
-110.4600 32.5900 0
-110.4700 32.6300 0
-110.5100 32.6900 0
-110.5300 32.7300 0
-110.5700 32.7700 0
-110.6000 32.8200 0
-110.7100 32.9600 0
-110.7500 33.0000 0
-110.7900 33.0400 0
-110.8500 33.0800 0
-110.8400 33.0800 0
-110.9000 33.1300 0
-110.9500 33.1700 0
-111.0100 33.2100 0
-111.0100 33.2100 0
nan nan nan
-110.0200 32.3500 0
-110.0000 32.4200 0
-110.0300 32.4800 0
-110.0700 32.5300 0
-110.1900 32.6800 0
nan nan nan
-110.2500 32.7600 0
-110.3300 32.8600 0
-110.3500 32.8700 0
-110.3900 32.8800 0
-110.4300 32.9000 0
-110.4700 32.9400 0
-110.5300 33.0100 0
nan nan nan
-110.6000 33.1000 0
-110.6100 33.1700 0
nan nan nan
-110.5900 33.1100 0
-110.5700 33.1900 0
-110.5900 33.2100 0
-110.6100 33.2500 0
-110.6000 33.2900 0
-110.6100 33.3300 0
-110.6000 33.3800 0
-110.5800 33.4000 0
-110.5900 33.4200 0
-110.6600 33.4400 0
-110.7200 33.4500 0
-110.8100 33.4400 0
-110.8900 33.4600 0
-110.9000 33.4600 0
-110.9300 33.4700 0
-110.9300 33.5000 0
-110.9300 33.5400 0
-110.9300 33.6000 0
-110.9400 33.6400 0
-110.9600 33.6900 0
-110.9600 33.6900 0
-110.9800 33.7700 0
nan nan nan
-111.0100 33.7700 0
-111.0300 33.7800 0
-111.1100 33.8000 0
-111.1900 33.8200 0
-111.2400 33.8500 0
-111.2900 33.8900 0
-111.3300 33.9500 0
-111.3500 33.9900 0
-111.3600 34.0500 0
nan nan nan
-111.4100 34.0700 0
-111.3500 34.1700 0
-111.4100 34.1900 0
-111.4400 34.2100 0
-111.4700 34.2300 0
-111.4900 34.2700 0
nan nan nan
-109.9400 32.3900 0
-109.9200 32.4700 0
-109.9200 32.4900 0
-109.9400 32.5500 0
-109.9600 32.6100 0
-109.9900 32.6600 0
-110.0400 32.7200 0
-110.0800 32.7600 0
-110.2000 32.8100 0
nan nan nan
-110.2500 32.8300 0
-110.4600 33.0600 0
nan nan nan
-109.6200 32.4800 0
-109.5900 32.5300 0
-109.6200 32.5800 0
-109.6600 32.6300 0
-109.7100 32.6900 0
-109.7600 32.7500 0
-109.7800 32.8000 0
-109.8100 32.8500 0
-109.8700 32.8900 0
-109.9300 32.9100 0
-110.0100 32.9300 0
-110.0800 32.9500 0
-110.1000 32.9900 0
-110.1200 33.0100 0
-110.1600 33.0500 0
nan nan nan
-110.2500 33.0400 0
-110.2000 33.1300 0
-110.2100 33.2000 0
-110.5400 33.2700 0
nan nan nan
-109.6500 32.8900 0
-109.7200 33.0000 0
-109.8400 33.0800 0
-109.9800 33.1500 0
-110.0900 33.2000 0
-110.1800 33.2700 0
-110.2500 33.2900 0
-110.3200 33.3000 0
-110.3900 33.3200 0
-110.4500 33.3300 0
-110.4600 33.3400 0
-110.4900 33.3500 0
-110.5000 33.3800 0
-110.5000 33.4400 0
nan nan nan
-109.6600 33.1400 0
-110.1100 33.5500 0
nan nan nan
-111.6400 33.0700 0
-111.6400 33.1200 0
nan nan nan
-111.7300 33.1000 0
-111.8000 33.2100 0
nan nan nan
-111.5600 33.1300 0
-111.6300 33.2300 0
-111.6700 33.2500 0
-111.7000 33.2700 0
-111.7400 33.2700 0
nan nan nan
-111.4200 33.2700 0
-111.3900 33.3400 0
-111.4300 33.3900 0
-111.4700 33.4200 0
nan nan nan
-111.6100 33.4200 0
-111.6200 33.4900 0
-111.6900 33.5400 0
-111.7700 33.5800 0
-111.8500 33.6500 0
-111.9100 33.7400 0
-111.9400 33.8100 0
-112.0000 33.8500 0
nan nan nan
-111.7100 33.6100 0
-111.6900 33.6700 0
-111.7400 33.6900 0
-111.7600 33.7300 0
-111.7900 33.7900 0
-111.7800 33.8900 0
nan nan nan
-111.5400 33.7000 0
-111.5400 33.7500 0
-111.5900 33.7600 0
-111.6300 33.7900 0
-111.6500 33.8100 0
-111.7100 33.8500 0
-111.7600 33.8800 0
nan nan nan
-111.1700 33.5900 0
-111.1400 33.6600 0
-111.1700 33.7100 0
-111.2000 33.7600 0
-111.2400 33.8000 0
-111.2600 33.8300 0
-111.3200 33.8600 0
-111.3800 33.9200 0
-111.4200 34.0600 0
-111.4300 34.0900 0
-111.4500 34.1300 0
-111.4900 34.1600 0
-111.5000 34.2000 0
nan nan nan
-110.9300 33.6700 0
-110.9000 33.8200 0
-110.9500 33.9200 0
-111.0000 34.0000 0
-111.0100 34.0900 0
nan nan nan
-110.7300 33.6900 0
-110.6800 33.8100 0
-110.6900 33.8900 0
-110.7000 33.9600 0
-110.7000 34.0200 0
-110.7100 34.0800 0
-110.7500 34.1100 0
-110.7900 34.1600 0
-110.7900 34.2600 0
nan nan nan
-110.9800 34.0400 0
-110.9500 34.1300 0
-110.9600 34.2000 0
-110.9800 34.3100 0
nan nan nan
-110.5700 34.1400 0
-110.5600 34.2100 0
-110.6100 34.2300 0
-110.6600 34.2200 0
-110.7400 34.2200 0
-110.8000 34.2300 0
-110.8300 34.2400 0
-110.8800 34.2700 0
-110.9200 34.3000 0
-110.9800 34.2900 0
-111.0100 34.3300 0
-111.0600 34.3600 0
-111.1300 34.3800 0
-111.1700 34.3900 0
-111.2100 34.3800 0
-111.2500 34.3600 0
-111.2500 34.3700 0
-111.2700 34.3700 0
-111.3000 34.3700 0
-111.3400 34.4000 0
-111.3600 34.4100 0
-111.3800 34.4100 0
-111.4300 34.4100 0
-111.5000 34.4300 0
nan nan nan
-111.4500 34.2800 0
-111.5200 34.3600 0
nan nan nan
-111.5800 34.2700 0
-111.6700 34.3700 0
nan nan nan
-111.7800 34.0900 0
-111.7400 34.1400 0
-111.7600 34.1700 0
-111.7600 34.2200 0
-111.7600 34.2700 0
-111.7400 34.3100 0
-111.7500 34.3300 0
nan nan nan
-111.8500 34.2800 0
-111.7900 34.3500 0
-111.8200 34.3800 0
-111.8300 34.4300 0
-111.8400 34.4500 0
-111.8700 34.4700 0
-111.9000 34.5200 0
nan nan nan
-111.9500 34.5300 0
-111.9500 34.6500 0
nan nan nan
-112.0600 34.6000 0
-112.1200 34.8300 0
nan nan nan
-112.2400 34.5000 0
-112.1900 34.5800 0
-112.1800 34.6500 0
-112.1800 34.6500 0
-112.2000 34.7100 0
nan nan nan
-112.1900 34.7900 0
-112.2000 34.8600 0
nan nan nan
-112.1900 34.8100 0
-112.1900 34.9700 0
nan nan nan
-112.2600 34.8600 0
-112.3100 34.9500 0
nan nan nan
-112.0900 34.8200 0
-112.1100 34.9600 0
nan nan nan
-112.1700 34.9600 0
-112.1400 35.0700 0
nan nan nan
-111.7500 34.7900 0
-111.7600 34.9400 0
nan nan nan
-112.4700 32.7900 0
-112.4200 32.8200 0
-112.4300 32.8600 0
-112.4700 32.9000 0
-112.5200 32.9300 0
-112.5600 32.9700 0
nan nan nan
-112.5000 32.9500 0
-112.5100 32.9900 0
-112.5800 33.0200 0
-112.6200 33.0600 0
-112.6600 33.1000 0
-112.6900 33.1500 0
-112.6800 33.2100 0
-112.6500 33.2400 0
nan nan nan
-112.7300 33.0300 0
-112.6800 33.1100 0
-112.6900 33.1700 0
-112.7200 33.2400 0
nan nan nan
-112.2900 33.1800 0
-112.2800 33.2300 0
-112.3300 33.2700 0
-112.3700 33.2900 0
-112.4100 33.3000 0
-112.4600 33.3100 0
-112.5000 33.3000 0
-112.5300 33.2800 0
-112.5500 33.2800 0
nan nan nan
-112.1500 33.0000 0
-112.1100 33.0700 0
-112.1300 33.1100 0
-112.1300 33.1300 0
-112.1400 33.1700 0
-112.1400 33.1800 0
-112.1500 33.2400 0
-112.1900 33.3000 0
-112.2100 33.3500 0
-112.2700 33.4200 0
-112.3100 33.4400 0
-112.3600 33.4400 0
-112.4000 33.4300 0
-112.4500 33.4100 0
-112.5200 33.3900 0
-112.5900 33.3700 0
-112.6500 33.3700 0
nan nan nan
-113.2800 33.4200 0
-113.2700 33.5100 0
-113.2900 33.5100 0
-113.3300 33.5400 0
-113.3700 33.5600 0
-113.4200 33.5800 0
-113.4500 33.6000 0
-113.5100 33.6100 0
nan nan nan
-113.1900 33.4900 0
-113.1700 33.5800 0
-113.1900 33.5900 0
-113.2000 33.6200 0
-113.2100 33.6300 0
-113.2400 33.6700 0
-113.2500 33.6800 0
-113.2900 33.7000 0
-113.2900 33.7100 0
-113.3400 33.7400 0
nan nan nan
-112.7700 33.7900 0
-112.7800 33.8200 0
-112.8500 33.8100 0
-112.9100 33.8200 0
-112.9800 33.8300 0
-113.1000 33.8200 0
-113.2100 33.7900 0
nan nan nan
-113.8600 33.1400 0
-113.8500 33.1700 0
-113.8800 33.1900 0
-113.9300 33.2100 0
-114.0200 33.2800 0
-114.0600 33.3100 0
-114.1100 33.3400 0
-114.1300 33.3800 0
-114.1500 33.4100 0
nan nan nan
-114.2100 33.4400 0
-114.1500 33.4700 0
-114.1600 33.4800 0
-114.1700 33.5200 0
-114.1700 33.5200 0
-114.1600 33.5400 0
-114.1700 33.5400 0
-114.1600 33.6100 0
nan nan nan
-114.2300 33.6100 0
-114.1600 33.6500 0
-114.1200 33.6900 0
nan nan nan
-114.1900 33.7300 0
-114.1400 33.7700 0
-114.1500 33.8000 0
-114.1500 33.8800 0
-114.1400 33.9200 0
-114.1300 33.9900 0
nan nan nan
-114.0500 33.9800 0
-113.9700 34.0200 0
-113.9700 34.0200 0
-113.9300 34.0200 0
-113.9000 34.0300 0
-113.9000 34.0400 0
-113.9100 34.0600 0
-113.9600 34.0900 0
-114.0200 34.1400 0
-114.0400 34.1800 0
-114.0800 34.2200 0
-114.1200 34.2900 0
nan nan nan
-114.7000 33.2000 0
-114.6600 33.2500 0
-114.6000 33.3100 0
-114.6300 33.3400 0
-114.5900 33.3800 0
-114.6000 33.3800 0
-114.6100 33.4200 0
-114.6100 33.4200 0
nan nan nan
-114.6000 33.4300 0
-114.4900 33.4700 0
-114.4900 33.4700 0
-114.4700 33.5100 0
-114.4600 33.5500 0
-114.4500 33.6100 0
-114.4400 33.6500 0
-114.4600 33.7100 0
-114.4600 33.7100 0
nan nan nan
-113.5900 33.8000 0
-113.5400 33.8300 0
-113.4900 33.8500 0
-113.4400 33.8500 0
-113.4000 33.8700 0
-113.2800 33.9200 0
nan nan nan
-113.7300 33.8500 0
-113.6300 33.9000 0
-113.5300 33.9500 0
-113.5100 33.9600 0
-113.4800 33.9800 0
-113.4100 34.0200 0
-113.3600 34.0400 0
-113.3400 34.0400 0
-113.3200 34.0600 0
-113.2900 34.0700 0
-113.2800 34.0600 0
-113.2400 34.0600 0
-113.2000 34.0600 0
-113.1800 34.0500 0
-113.1300 34.0300 0
-113.1100 34.0000 0
nan nan nan
-113.7600 33.9500 0
-113.6800 34.0000 0
-113.6200 34.0300 0
-113.5900 34.0600 0
-113.5100 34.1300 0
-113.4700 34.1600 0
-113.4200 34.1900 0
-113.4000 34.1900 0
-113.4000 34.1900 0
-113.3500 34.2000 0
-113.3200 34.2000 0
-113.2700 34.1900 0
-113.2300 34.1900 0
-113.1800 34.1700 0
-113.1000 34.1400 0
nan nan nan
-113.7900 34.0300 0
-113.7000 34.0800 0
-113.6300 34.1100 0
-113.6300 34.1200 0
-113.5800 34.1500 0
-113.5600 34.1700 0
-113.5500 34.1800 0
-113.5200 34.1900 0
-113.5000 34.2000 0
-113.4900 34.2100 0
-113.4700 34.2300 0
-113.4800 34.2400 0
-113.5000 34.2600 0
-113.5400 34.2700 0
-113.5700 34.2900 0
-113.6500 34.3500 0
nan nan nan
-113.9500 34.4200 0
-113.9300 34.4500 0
-113.9200 34.4800 0
-113.9100 34.5100 0
-113.8900 34.5400 0
-113.8700 34.5500 0
-113.8600 34.5700 0
-113.8500 34.6000 0
-113.8700 34.6200 0
-113.8800 34.6500 0
-113.9100 34.6900 0
-113.9100 34.6900 0
-113.9200 34.6900 0
-113.9300 34.7100 0
-113.9400 34.7100 0
-113.9400 34.7100 0
-113.9800 34.7200 0
-113.9900 34.7300 0
-114.0100 34.7500 0
-114.0300 34.7800 0
-114.0600 34.8000 0
-114.1100 34.8200 0
-114.1200 34.8200 0
nan nan nan
-114.4200 34.7600 0
-114.3700 34.7900 0
-114.3800 34.8000 0
-114.3900 34.8200 0
-114.3900 34.8300 0
-114.3800 34.8500 0
-114.3800 34.8500 0
-114.4000 34.8800 0
-114.4400 34.9000 0
nan nan nan
-111.8000 34.9600 0
-111.7800 35.2700 0
nan nan nan
-112.0400 34.9900 0
-111.9900 35.0300 0
-111.9800 35.1400 0
-111.9300 35.2800 0
-111.9200 35.3000 0
-111.9400 35.3100 0
-111.9500 35.3200 0
-111.9800 35.3700 0
-111.9800 35.3700 0
nan nan nan
-112.0200 35.0900 0
-112.0400 35.1600 0
nan nan nan
-109.2100 31.7400 0
-109.1000 31.8800 0
-109.1200 31.9500 0
-109.1200 31.9800 0
nan nan nan
-109.1200 32.0200 0
-109.1400 32.0400 0
-109.1700 32.0800 0
-109.1900 32.1300 0
-109.1800 32.1800 0
-109.2300 32.2300 0
-109.2600 32.2500 0
-109.3000 32.2800 0
-109.3600 32.2800 0
-109.4000 32.3000 0
-109.4600 32.3200 0
-109.5400 32.3400 0
-109.6100 32.3500 0
-109.6600 32.3700 0
-109.7200 32.3600 0
-109.7700 32.3700 0
-109.7800 32.3700 0
nan nan nan
-109.5000 32.1500 0
-109.6600 32.2400 0
-109.6800 32.2600 0
-109.7400 32.3100 0
-109.7700 32.3300 0
-109.8200 32.3400 0
nan nan nan
-109.0200 32.2500 0
-109.1000 32.3100 0
-109.1500 32.3700 0
-109.2200 32.4300 0
-109.3000 32.4800 0
-109.3700 32.5600 0
-109.4500 32.6200 0
-109.5100 32.7000 0
-109.5300 32.8000 0
-109.5300 32.8500 0
-109.5200 32.8900 0
-109.5100 32.9500 0
nan nan nan
-109.4100 33.0600 0
-109.3800 33.0900 0
-109.3600 33.1100 0
-109.3400 33.1500 0
-109.3200 33.1800 0
-109.3100 33.1900 0
-109.2700 33.2200 0
-109.2600 33.2300 0
-109.2500 33.2400 0
nan nan nan
-109.3100 33.4400 0
-109.2900 33.5700 0
-109.2700 33.6000 0
-109.2600 33.6200 0
-109.2200 33.6300 0
-109.2000 33.6400 0
-109.1600 33.6700 0
-109.1300 33.6900 0
-109.1100 33.7400 0
nan nan nan
-109.2400 33.5300 0
-109.3100 33.5800 0
-109.3700 33.5700 0
-109.4300 33.5800 0
-109.4800 33.5900 0
-109.5300 33.5900 0
-109.5800 33.5900 0
-109.6200 33.5800 0
-109.6600 33.5800 0
nan nan nan
-109.0700 32.8200 0
-109.2000 32.9600 0
nan nan nan
-108.5800 32.7500 0
-108.6700 32.7900 0
-108.7200 32.8000 0
-108.7600 32.8100 0
-108.8000 32.8500 0
-108.8200 32.8900 0
nan nan nan
-107.9500 32.8200 0
-108.0100 32.8700 0
-108.0100 32.9000 0
-108.0300 32.9400 0
-108.0900 32.9900 0
nan nan nan
-107.2200 32.8300 0
-107.2600 32.8500 0
-107.2800 32.8800 0
-107.3100 32.9300 0
-107.3300 32.9600 0
-107.3300 33.0000 0
-107.3100 33.0300 0
-107.3200 33.0600 0
-107.3000 33.1200 0
-107.2900 33.1300 0
nan nan nan
-107.1600 32.8800 0
-107.2400 32.9400 0
-107.2700 32.9900 0
-107.2900 33.0000 0
-107.3100 33.0100 0
-107.3300 33.0300 0
nan nan nan
-107.3000 33.1500 0
-107.2900 33.1800 0
-107.2700 33.2200 0
-107.2400 33.2600 0
-107.2000 33.3000 0
-107.1700 33.3600 0
-107.1400 33.4100 0
-107.1300 33.4500 0
-107.1300 33.5000 0
-107.1400 33.5400 0
nan nan nan
-107.1100 33.5100 0
-107.1300 33.5900 0
-107.1000 33.6400 0
-107.0700 33.6800 0
-107.0700 33.7000 0
nan nan nan
-106.0700 31.5400 0
-106.1200 31.5600 0
-106.1600 31.5900 0
-106.2100 31.6200 0
-106.2300 31.6400 0
-106.2600 31.6800 0
-106.3000 31.6900 0
-106.3600 31.7300 0
-106.4000 31.7800 0
-106.4100 31.8100 0
nan nan nan
-106.4100 31.8300 0
-106.5200 31.8700 0
-106.5600 31.8700 0
nan nan nan
-106.4500 31.8600 0
-106.5200 31.9100 0
-106.5200 31.9400 0
-106.5200 31.9600 0
-106.5100 31.9900 0
-106.5100 32.0200 0
nan nan nan
-106.4600 32.0700 0
-106.5500 32.1600 0
nan nan nan
-106.4800 32.2700 0
-106.5300 32.3400 0
nan nan nan
-106.5500 32.3800 0
-106.5700 32.5100 0
nan nan nan
-106.3900 32.6800 0
-106.5200 32.7600 0
-106.5200 32.7700 0
-106.5500 32.8100 0
-106.5700 32.8500 0
nan nan nan
-106.6300 32.9300 0
-106.7500 32.9900 0
nan nan nan
-106.6600 32.9800 0
-106.7600 33.0500 0
nan nan nan
-106.6900 33.0600 0
-106.8100 33.1800 0
nan nan nan
-106.5900 33.0500 0
-106.6700 33.1700 0
-106.6600 33.2000 0
-106.6600 33.2200 0
nan nan nan
-106.7200 33.2300 0
-106.7400 33.2700 0
-106.7500 33.3100 0
-106.8000 33.3700 0
nan nan nan
-106.6700 33.3000 0
-106.7500 33.4100 0
nan nan nan
-106.6200 33.3700 0
-106.6900 33.4400 0
nan nan nan
-106.5200 33.2900 0
-106.4700 33.4500 0
nan nan nan
-106.5100 33.3700 0
-106.5800 33.5300 0
nan nan nan
-106.5100 33.5500 0
-106.5100 33.5800 0
-106.5200 33.6400 0
nan nan nan
-105.8200 32.7000 0
-105.9800 32.9100 0
-106.0200 32.9500 0
nan nan nan
-105.9300 32.8800 0
-105.9900 32.9800 0
-105.9900 33.0400 0
-106.0200 33.1000 0
-106.0300 33.1600 0
-106.0700 33.2300 0
nan nan nan
-105.8700 32.9200 0
-105.9300 32.9700 0
-105.9200 33.0000 0
nan nan nan
-105.6500 32.6900 0
-105.7200 32.7300 0
nan nan nan
-105.7300 32.7600 0
-105.8300 32.8700 0
nan nan nan
-105.7000 33.0900 0
-105.8300 33.2300 0
nan nan nan
-105.7900 33.3500 0
-105.7800 33.3900 0
-105.7600 33.4100 0
-105.7400 33.4300 0
-105.7200 33.4500 0
-105.7100 33.4700 0
-105.7100 33.5000 0
-105.7400 33.5100 0
nan nan nan
-105.6900 33.4800 0
-105.7200 33.5300 0
-105.7200 33.5600 0
-105.7000 33.5900 0
-105.7000 33.6200 0
-105.7100 33.6600 0
nan nan nan
-105.6500 33.6700 0
-105.6800 33.7000 0
-105.6500 33.7000 0
-105.6100 33.7000 0
-105.6000 33.6900 0
-105.5900 33.6900 0
-105.5700 33.6900 0
-105.5400 33.6700 0
-105.4900 33.6600 0
nan nan nan
-107.8700 33.7500 0
-107.8600 33.8000 0
-107.8600 33.8600 0
-107.8700 33.9100 0
-107.8600 33.9800 0
nan nan nan
-107.5800 33.7100 0
-107.5800 33.7700 0
-107.6200 33.8400 0
nan nan nan
-107.1900 33.9600 0
-107.2500 34.0500 0
-107.2300 34.1200 0
nan nan nan
-107.1500 33.9900 0
-107.2200 34.1200 0
nan nan nan
-107.0400 34.0100 0
-107.1400 34.0900 0
-107.1900 34.2100 0
nan nan nan
-107.3200 34.3200 0
-107.3200 34.4400 0
-107.3500 34.5000 0
-107.3500 34.5300 0
nan nan nan
-107.1500 34.5200 0
-107.2000 34.5800 0
-107.2100 34.6000 0
-107.2300 34.6200 0
-107.2200 34.6400 0
-107.1900 34.6600 0
-107.1600 34.6800 0
-107.1400 34.7000 0
-107.1300 34.7300 0
-107.1200 34.7500 0
-107.1300 34.7900 0
-107.1200 34.8400 0
nan nan nan
-106.7200 34.2400 0
-106.7300 34.3000 0
-106.7000 34.3400 0
-106.6800 34.3800 0
-106.6500 34.4200 0
-106.6100 34.4800 0
-106.5800 34.5200 0
-106.5700 34.5900 0
-106.5900 34.6500 0
-106.5900 34.7100 0
-106.5600 34.7600 0
-106.5400 34.8200 0
-106.5300 34.8700 0
-106.5300 34.9400 0
-106.5300 34.9600 0
-106.5400 35.0000 0
-106.5500 35.0300 0
-106.5500 35.0400 0
-106.5700 35.1000 0
-106.5500 35.1500 0
-106.5700 35.2100 0
-106.5600 35.2600 0
-106.5600 35.3000 0
nan nan nan
-106.5300 34.9800 0
-106.5500 35.0400 0
-106.5300 35.0800 0
-106.4900 35.1000 0
-106.4600 35.1200 0
-106.4300 35.1300 0
-106.4000 35.1600 0
nan nan nan
